29889
29892
278
29915
322
304
263
366
474
310
297
29879
29973
372
393
338
29871
540
471
29873
363
373
29896
591
29991
29900
445
825
29899
411
367
505
526
376
408
896
592
451
541
29906
437
472
577
727
508
694
670
599
856
590
1183
29885
29929
292
697
596
276
491
1073
515
1016
29891
287
763
902
565
385
750
925
470
714
1048
701
1244
286
1075
892
679
748
330
289
1532
313
1286
21915
9360
1058
1492
746
645
674
432
29882
2355
963
723
29945
29941
769
345
1348
29947
920
1074
298
607
756
1258
270
29946
29901
2041
931
777
29908
1781
281
413
1497
1063
29953
864
988
29955
282
2305
2675
1009
901
273
267
285
1407
274
29881
29897
260
1023
1250
975
301
1235
1033
269
29936
1363
937
916
4874
20759
29875
1106
302
1623
528
1827
502
2020
1213
1749
767
871
964
265
261
884
982
2125
2217
262
318
1438
521
2289
29874
1156
368
423
1207
738
716
443
29872
364
604
525
1283
1554
414
29878
1135
626
2086
11586
1925
1568
2649
881
713
2099
2360
3282
343
1699
817
29877
284
380
1434
394
1754
1784
967
1584
2462
293
664
1122
489
653
1449
1559
264
1906
277
347
275
1603
288
2211
29883
2367
2712
2655
1556
321
728
2834
2440
29876
272
1472
2107
279
1833
3186
2599
362
5124
2714
1549
1818
1304
3448
5360
2000
280
328
29895
3271
337
29880
885
314
947
3512
386
1641
29890
2996
29893
4646
2030
1284
294
27398
719
295
1316
271
1021
4272
760
1024
7339
869
1854
403
1790
3699
6452
2113
1642
1573
1090
305
696
2058
3113
1371
1476
325
2820
3287
1432
29887
3099
1795
1552
4802
2924
2337
583
805
1914
2707
2253
630
6909
391
316
1550
29884
3078
300
671
333
1510
346
375
7902
2175
538
7423
1370
457
5922
1629
388
8889
3926
891
1095
2309
5193
392
2446
5429
801
3762
342
1410
1246
1049
3023
266
3013
1422
613
424
1546
2343
2869
1716
573
2524
326
681
29888
448
4094
1361
1269
3236
1757
454
3026
886
1900
5040
29886
1218
1838
4783
1708
309
2185
2678
5654
4129
1353
446
537
1766
3033
1951
5505
3614
5637
2748
7826
1473
398
425
2215
793
348
550
9826
2745
2586
2645
4480
4446
1399
1192
381
3508
467
2998
3307
2106
29920
519
3942
845
352
5131
5967
5320
7575
1880
6547
7062
296
447
511
4459
1855
484
8023
409
6641
1153
1683
766
4208
3063
1171
4083
1357
6421
1728
3595
1302
1487
1148
6456
4799
1298
2750
2466
3755
4319
2625
3064
534
2846
5735
1018
4658
355
6454
3458
6989
16823
2264
1100
557
2805
564
2562
29916
2381
9559
6423
5716
354
303
787
633
3850
327
839
7952
2022
332
1722
4344
2090
4123
731
384
3897
3143
574
1847
800
2898
357
1460
2594
7250
2319
3447
3700
290
9713
611
4726
344
8293
3841
2023
943
2534
2244
3353
6091
3578
2743
2274
1369
324
6114
7123
4892
953
3748
21023
4100
545
1196
1065
15178
880
1144
1099
4234
4203
29926
2307
4856
561
9963
4832
1206
5076
1560
6363
2507
4099
1811
1338
4628
860
4982
25542
5934
359
4433
1067
370
479
340
4696
3052
1737
311
2691
4723
5051
4091
29894
4846
1999
4720
453
2656
523
1266
749
639
1506
610
5121
1078
594
291
5146
2501
358
503
2982
336
4687
2794
1886
1045
3654
1319
3117
482
5866
412
7695
4796
378
1919
22172
5192
1735
3050
6673
283
3138
1797
2969
9007
18239
3431
16372
4383
4049
4808
4797
5771
16099
873
487
4337
3815
3081
7960
1791
12088
941
6263
2654
4038
404
17545
711
567
1734
24354
13748
7359
1108
4689
3969
6963
2288
3109
5828
1608
307
6293
898
1539
983
575
1296
5381
3412
335
4513
2114
6532
549
3907
475
758
705
7656
377
2221
1303
5714
548
5874
1446
7535
1565
1372
4192
6345
8099
4359
579
2318
1985
6041
636
5001
3256
5304
921
3974
562
1674
6567
2989
1161
566
7251
433
1199
6592
1922
1738
1373
635
2330
7845
2246
11621
6433
1080
968
8020
6791
3250
4841
868
895
2278
3430
8709
369
9796
3573
4688
2958
5073
533
28015
6505
7875
4023
4966
1788
396
5833
1236
560
5148
1208
867
331
9687
3006
514
568
4595
4953
923
5870
4307
1139
5046
459
5683
10215
2498
4140
5700
1667
5318
9445
2978
3889
6142
2350
480
465
4565
3273
2183
2706
5492
650
3203
1577
29914
497
1652
715
2879
1609
4823
1965
351
14064
5622
655
517
2181
374
2919
907
8261
427
1169
1601
1503
1226
5757
7124
2845
3732
915
1509
5742
1061
6296
3196
8496
4586
680
747
7284
389
1342
15315
14332
3265
2665
3838
970
8471
3802
8300
1111
1056
5566
5199
1662
4940
952
7432
1540
6575
1794
1146
1017
6776
786
1308
1127
686
883
7291
3652
8575
4939
625
554
4266
2039
11619
6520
6905
9560
6060
666
1379
5376
488
6077
4045
6025
2317
8580
6047
1217
5839
1663
616
10395
7205
6460
8750
1321
762
9475
8973
2768
11379
8034
1878
936
481
6474
3799
10753
2592
2769
5491
9425
3721
9763
10974
1934
397
9883
2335
14225
5625
7726
663
429
415
7751
6686
395
11015
2629
22396
852
11359
4486
496
8437
784
2778
5214
21488
658
1648
371
2354
1014
3805
26077
11952
1691
772
6514
7933
6169
9755
6586
770
30081
5019
546
3719
4257
10081
1339
773
2821
1862
1582
1891
1887
493
9427
23927
2236
682
417
15649
14721
688
5377
3801
1494
6233
8589
4654
439
4955
4240
15243
4822
4615
1010
9881
7184
2669
2428
1950
7378
672
1358
652
329
2323
1898
1020
598
26397
8763
1280
7375
744
1711
15982
1234
25644
2222
3619
4934
8743
4780
14089
3504
12561
734
7254
10416
3692
12220
5835
10111
12355
7679
4947
5810
542
466
1006
3428
2614
18462
14311
1907
553
7903
1026
1384
12544
1616
2472
3300
468
708
4655
1444
495
7303
3890
8287
946
442
6398
1259
2198
3704
620
3769
2436
7684
3971
1537
1230
3304
1423
618
6893
9455
11203
4665
3814
600
9566
8379
1374
2867
2729
3058
2873
7091
1022
11315
9311
473
4992
10600
601
2012
889
11220
5650
2209
2444
1044
10901
5962
6743
5144
6199
1501
8760
1591
9906
12755
9987
5120
638
5941
9008
7458
1657
431
8825
361
1736
12522
12080
4725
4271
4086
4105
6350
872
440
7096
4482
10216
8805
3796
7424
7234
4060
913
18251
1312
7314
788
6584
5172
3192
544
1450
2761
29995
3800
3252
4249
3939
12166
1051
6023
4549
1424
9885
8090
547
13406
21682
2913
3856
1223
820
621
5733
3737
1034
6900
3638
752
10322
29948
1238
13421
882
12060
18120
6568
2151
339
2609
2960
5998
4863
7623
6501
6462
22593
11456
6153
2734
1375
1486
14183
3438
452
14000
3643
737
3774
4509
2650
9045
4225
5807
1475
4950
4259
8753
5456
13260
1248
6416
1974
5497
5075
6866
4642
4402
3144
1025
4497
19061
4889
4380
724
15251
2243
2791
764
5520
10534
1209
5872
5720
4317
6534
8126
513
410
2454
5264
4187
3661
6668
1101
7483
7216
5337
4078
1160
420
7256
504
449
1328
4698
4362
3290
3233
1134
10916
5816
7901
14530
4997
2078
6053
1860
3262
1050
5401
1809
5447
628
13736
2861
10636
2304
1989
3554
2986
1617
485
13034
6140
17187
1395
1083
2833
1400
2038
12528
4893
6121
7812
419
2730
1114
4891
5972
790
2011
1004
7243
824
4340
736
4520
8424
14509
2602
3391
3005
11405
11223
7613
7899
2407
809
23196
13457
5434
2646
2518
5359
11781
985
8459
3368
2578
2825
833
3160
4556
1661
2722
14432
1776
4847
1973
1261
334
9753
4828
6413
299
7013
4006
7807
1270
935
2108
9728
18002
10680
10405
7881
4158
2071
1993
4377
1821
7631
3528
1131
8007
7146
10435
9833
1072
13127
5747
619
1243
13031
1364
586
8959
26624
1915
13834
11982
8277
7121
2326
6839
20057
8031
1943
1454
10977
5930
948
11118
9087
822
9228
5424
1416
11801
3973
2301
8182
5110
1867
17081
12713
914
8866
2545
2186
1178
1008
6788
6635
7600
1746
631
15006
8401
16357
11825
1889
19827
13394
11460
11005
5069
7945
5034
407
7984
3002
1960
7755
675
6555
2790
5331
4818
2927
6606
3322
1701
1583
3461
2153
974
854
17306
802
7088
2302
1237
4502
2164
524
720
3785
3514
629
17319
5834
1141
1117
1076
434
4098
5633
10124
1824
5777
2386
4331
585
12853
2548
8345
8338
5155
2593
9098
3390
11050
6297
10932
23925
9124
7171
7148
6763
3036
11904
5174
12530
3711
9999
5643
10555
8389
4133
5112
12580
1082
10776
5925
2060
1081
12459
6820
1113
14074
1109
5400
5189
12917
1436
623
6392
1840
2931
2874
10466
7113
4768
9051
8041
10090
8818
8112
2829
4439
12291
6483
4684
4066
2738
2506
6317
15850
5253
4996
911
12139
16246
15128
14436
1071
22887
12180
7035
1162
10674
17626
3855
2741
7800
3001
2441
1804
4216
1970
1098
17251
6375
5086
20748
18701
510
804
7743
7155
3694
3427
6496
2024
950
559
6940
2247
17948
7271
5837
13225
4922
8735
2298
972
654
8790
19548
9850
4958
608
4518
8206
3275
1306
2373
527
9793
9109
5186
15049
5864
1255
22169
3163
10676
2788
9404
6419
1484
17803
17394
16646
12500
8024
5164
3145
6029
5469
12070
8177
4473
13006
6200
637
3183
15782
3158
2232
5824
3104
6766
929
5849
2827
5613
3165
3153
6559
4242
3190
709
12624
10714
9701
12949
6434
2230
18758
1335
1327
8604
3593
8619
2560
2159
535
20143
1527
10083
706
6557
3276
6068
1813
1602
22095
13312
5982
3474
1772
436
12138
6879
10503
9631
4852
15150
14890
1182
13958
3151
8515
19531
15007
9273
6365
5697
3804
2859
12566
4312
7450
4076
2728
552
14610
23429
11492
5007
995
9862
3697
2411
2356
18093
5779
2475
7145
6369
4316
1041
3634
704
6282
5796
3677
2486
986
5825
814
17354
6862
4612
1820
1341
1036
10398
7408
2740
2224
569
8152
7916
2048
1516
10569
6601
1466
11084
3381
1935
5881
2911
3277
2814
20239
8570
1723
4085
12456
11199
8775
1835
5642
16411
11584
6493
5414
2635
578
1741
1121
406
6411
22394
15993
15927
8881
2362
5224
6446
851
14455
2904
1458
6721
9232
26966
5503
3174
3460
11813
11640
10188
4152
690
2225
27683
1295
1133
509
21217
834
492
29939
14837
9416
14892
7404
1301
15589
2149
776
5239
7699
2205
990
6521
2894
26277
8578
5933
16010
11340
10257
3763
3663
3056
18178
4967
13019
12945
7371
3076
1398
1032
536
9121
3965
2949
13407
6577
6210
2857
6471
6150
13444
6548
4328
9391
3730
3240
17058
13631
3611
7333
844
24867
21282
20695
13590
12565
2551
18012
4842
1242
1047
6159
10404
5545
2715
1997
5089
2955
1873
2983
2679
8227
2758
2168
812
3710
3773
3291
2638
26935
13607
10464
16741
13569
6475
6257
6133
9102
8341
2533
14280
3633
3623
1159
27274
12297
8175
7470
3268
2705
3765
2002
1190
356
10462
8666
8497
6017
1589
1320
22600
6035
5702
3761
1696
1634
11774
8372
4226
900
5745
4909
2760
2696
23729
1600
6860
12387
6232
18326
6288
1558
1857
3533
3241
4320
640
14841
10067
6593
3712
7655
3660
2580
2142
1789
20479
10150
387
16172
14294
2719
9088
1912
1027
19437
774
19417
18786
12516
4029
11314
1947
14671
8852
1179
17182
8886
1612
4056
1901
1354
18232
13582
6216
5970
5794
13851
6019
3656
2906
10161
3708
14622
8677
3819
2496
11302
10757
938
13718
8078
3787
18902
5134
4550
4366
2779
12844
3270
2400
3949
3625
10594
572
5480
4821
441
4964
2133
8247
2320
848
615
12176
7716
4695
2858
8988
5768
10657
8367
8772
3041
17294
15703
15029
3454
10697
29918
11979
7348
8661
5786
1899
18757
6993
1904
5162
2643
2575
1251
455
23407
2109
6926
6694
23723
16403
14378
8581
5957
4251
19214
5649
4097
7492
5391
4850
775
14034
12462
5432
2390
1145
8542
2620
1253
841
22203
8092
2351
555
10298
13175
10018
9950
11785
13389
11126
3620
603
8721
6709
3377
2437
17724
11149
8323
4805
7358
3780
3459
2531
1490
1055
17952
5988
4395
3632
14596
819
16366
9679
3021
20221
19587
9403
8906
25985
14956
10972
8697
7336
4207
2653
1595
15477
10578
8429
1165
9698
2925
15570
10819
4071
26134
12570
5802
17770
14568
9213
3045
11822
11182
9326
8249
8222
5764
3687
18864
16730
5517
2122
22741
6360
870
21863
12251
8104
4866
12785
11091
8859
6773
3525
593
26230
11582
4286
21996
15874
11147
3234
2671
17135
13328
28292
12707
11176
4637
13585
8898
10489
7572
6090
532
17042
499
18296
9074
5751
2553
3598
669
5418
11630
1029
400
18873
17096
10425
4933
3309
1653
17928
10608
1531
1147
3527
2228
12045
2674
799
22602
19044
6012
2197
18879
3495
3367
837
21732
19309
11423
2130
1232
15655
9115
3476
698
12879
7389
2849
13587
659
12435
2710
5220
2291
23041
2117
1089
893
22281
11531
8475
5279
3137
2265
11155
4959
4004
3582
2285
1803
13925
9117
5232
5183
3544
955
14744
13112
11103
10832
9892
24369
24261
14826
8062
2786
996
10849
9758
6013
2606
1690
17616
3211
899
22765
22049
14051
10752
8724
928
23474
6507
14794
10638
9677
7014
1330
25695
7539
4943
4188
7688
5181
5065
1035
9561
9443
6368
798
3380
17268
8442
1848
20949
16423
6504
5996
21383
16083
8271
3861
3038
19500
12214
10169
6221
3564
2795
8548
3114
2050
23289
21152
11385
10664
10021
5403
617
9150
12722
11977
8951
5198
12720
8369
4870
19133
9343
5305
4047
3984
2143
8343
4515
15040
11643
6757
3864
1513
1426
22401
15483
10624
3896
3885
18961
12032
7134
18632
962
18215
7841
2406
21118
9563
8830
7063
6958
695
24842
10437
1883
26836
9776
6944
5717
3181
2552
2172
1288
1277
17208
874
13700
6554
3060
16833
1644
10201
7167
10171
9324
2207
1173
14909
11339
10603
4443
2967
22314
15754
10151
26361
18647
6710
4561
2626
17487
10769
9226
4087
2187
26703
16500
15130
3370
2673
1136
456
20610
8415
2813
1038
17690
10106
5495
1564
19100
6115
4567
3825
3209
16772
3707
1388
1274
661
10961
10311
8802
5281
2877
17680
14113
6129
1747
13936
1203
16286
7968
6865
7714
7618
7531
5225
3857
2658
2329
1462
1366
26414
18046
11308
5685
4318
3842
1607
506
24081
5518
1195
5335
2576
8842
7300
5921
2497
677
18577
2572
26602
19599
14205
6588
12995
11062
9197
2908
13977
13661
5863
2749
16277
10784
4227
861
3274
21156
12944
12535
11192
9642
6124
12422
15331
13283
10943
7621
634
15678
15482
7839
6437
912
16684
6755
5969
4148
15248
14368
8718
4180
3055
1474
30107
17097
12646
11299
10655
8178
3464
13543
12969
12475
563
22623
22405
7498
3546
2579
29808
16600
6393
3913
19006
3415
2174
1975
1333
5301
2883
19696
10734
8693
5475
11719
11483
7629
5365
571
14726
8368
18281
10823
7759
13360
10767
8794
4315
3806
16708
428
18096
9377
9257
1624
1439
15640
12955
8242
7426
7101
2397
25352
10071
2918
1219
919
24738
13460
12711
11467
1953
2092
21625
12616
7636
2316
778
18691
17152
13049
11826
5948
2313
23393
22817
14606
7805
7584
6314
5528
5062
21475
18356
12871
7297
1336
29748
24191
14717
9436
5353
5276
3845
1332
21266
18293
10814
3887
1562
558
9893
7990
8064
3631
3096
1362
11407
5288
3867
10847
9640
26630
15502
12962
27089
18034
17692
11706
10856
9922
7018
4069
26044
24800
19863
15276
13900
5782
5626
1267
21633
2963
27231
13726
12397
12151
6276
4195
25008
22526
14582
12464
17819
10771
8872
4890
4382
4072
2946
1489
1000
28274
13258
13230
7200
4972
905
9301
9292
5233
4003
2276
7689
12672
5858
15055
14982
14803
13988
12959
10907
5190
1030
19223
17888
9638
4457
3305
3068
2257
29181
25349
19479
16671
6596
1983
1959
25287
10656
10094
6003
791
24817
9939
2495
6467
5861
918
21362
16188
9878
9384
5595
2941
27127
24866
19859
3918
1518
831
8233
7925
7160
4386
22635
14263
6775
5101
4475
2752
2129
1104
9567
3742
2613
1700
12185
10992
9080
7774
7602
6892
6374
1129
25097
9709
3777
2152
1764
1220
735
23900
17266
15426
5417
2875
19932
15377
10894
8688
24613
5883
1401
1151
24441
22296
16289
16157
16005
12990
5375
4697
1176
19253
17240
16892
14364
11232
8608
6410
18423
17526
13968
10675
10325
9176
8455
4901
26163
18014
10225
8253
6509
3902
3509
17905
8967
8665
2793
11013
6728
22906
20961
13568
10423
21511
15041
12515
10643
5680
4771
2543
8095
815
692
609
17322
10212
8879
7190
4048
2200
16563
16187
7802
2559
23167
13433
12356
11097
3933
1310
15970
14176
11915
7415
5790
3147
1682
9777
6923
6459
5478
3197
22739
13013
12520
12341
10075
2992
26616
25618
22684
15358
9820
8611
5855
5501
4183
3097
2702
582
13910
3184
2347
1468
11757
1309
26068
15883
11480
832
18987
16126
13888
13807
13636
9590
8267
5177
4135
3829
2615
22764
13978
9703
7306
5557
5229
4153
1698
27654
21544
19917
8236
6020
3246
1287
26552
25798
19866
15721
9949
8656
8174
1627
14793
13814
9488
2999
647
17840
14329
13240
9426
7180
10653
7738
4772
4511
1028
21779
12534
8250
6356
5995
5614
5443
2582
20278
2755
312
25448
22079
13651
7776
1967
1633
14171
8569
7632
4835
4280
2112
761
24841
12169
8560
7606
5439
5372
4236
1158
24414
18550
15142
15010
7481
5056
2723
1725
1646
20342
10794
2737
1233
862
23222
10478
6898
3095
4156
4150
1241
22843
17407
15100
13229
10047
5252
1505
24589
3978
1579
1175
17455
9138
1948
1927
26228
23150
13931
10694
9105
7910
5445
4110
2971
977
12818
11335
4552
2470
1658
19372
18197
17623
16842
11581
7285
4479
4167
2910
1463
740
23880
7417
13821
5100
2028
1431
23023
16832
15332
14712
13472
6219
3646
3179
2817
1228
1191
23623
22378
19702
19581
12112
9076
8607
7736
12399
12335
9554
1581
6050
3261
2511
11104
10276
6057
957
18161
12359
7176
3585
1571
19035
10708
7114
5617
5059
4868
4120
14243
9200
4538
1403
627
589
22399
16978
3517
2353
2234
1389
979
19562
17643
4063
2693
2363
1480
29700
26681
19710
11289
9128
5143
5004
2235
16342
10372
3844
2753
1775
27222
10340
712
18541
932
17143
11422
9461
4423
4392
3935
2618
934
16493
15774
11360
11324
25158
17202
11473
4108
1994
1856
27661
27068
6949
6062
5758
1885
21458
19756
16930
11932
908
19912
14260
9543
5830
3204
3069
2764
21577
6445
17762
15409
13797
12006
11898
10474
9418
9358
8473
4034
1998
20444
18788
18615
6906
20510
23852
22827
14502
3074
22535
21272
20662
9636
9571
8745
7664
2782
2708
768
21180
17162
14040
10107
4937
2258
1037
8327
7703
5436
3734
20993
20327
14853
5968
3817
1984
20074
20026
15889
6795
19055
18875
12906
9078
7213
6996
6136
3229
26438
19797
17794
14395
11029
3489
22301
18318
12003
10658
7911
5524
4336
17223
15392
15301
11183
5644
4287
28396
27121
16558
15155
14743
14416
13058
11942
4343
3372
794
22973
20676
17161
17148
8870
4824
4314
2447
1189
20844
12328
12020
7282
5312
5080
2889
2504
24612
14451
10029
9259
8000
7568
4369
3034
15795
12012
11750
9316
7853
3698
2806
25945
17649
16079
11098
7512
3249
23915
23283
11770
10591
6287
6056
1120
20767
11660
11517
8903
3100
2541
2105
1760
21261
12562
11687
9227
27116
18819
14722
13750
10548
10376
10331
7943
4564
26563
22004
16200
15593
14586
13353
8370
5537
2453
2057
28893
20722
18658
6614
5832
4902
2948
2485
1070
21171
15319
14561
13135
9848
7980
1709
707
22233
20794
18880
16490
15313
11502
4218
2699
687
17750
2361
1812
1650
27904
14603
643
20023
18345
17739
17065
14983
10352
9129
3946
2600
2135
2021
26565
16615
15709
13537
11564
1863
1052
556
13638
8652
8171
7786
7182
3171
22661
17873
15020
12164
5621
5227
1808
961
17285
9654
9251
8366
4653
4346
2219
1351
22630
19390
16235
2306
16217
1202
27719
20043
16690
13047
9090
4885
2766
1557
520
21737
6576
5829
3466
2841
1849
1610
20710
15469
15284
6602
5692
5139
5138
2429
20000
19182
11440
10614
7788
808
28503
24296
19656
14797
8986
6388
5275
4660
21750
18553
11253
9670
6689
5161
18287
17901
10712
10431
9981
9946
7622
3335
22564
16528
15354
12384
8158
4944
4708
3604
3534
2957
2450
18621
15129
11736
3628
3547
3516
2085
1730
1326
1212
742
17141
15381
14874
12891
11817
10524
14169
8676
5407
22056
20898
14322
2203
2063
866
23562
17659
17186
10430
7344
7225
4568
2935
1201
29754
24745
15474
14652
9186
7156
6911
20190
17567
14356
11462
6852
6270
2245
21620
16082
7482
7143
6631
4089
3803
3743
2784
1467
1054
29987
23819
22747
14218
14154
12469
5703
2826
2435
1091
25020
22514
13524
11509
11399
9242
8326
6206
4607
19090
11075
9704
9667
6718
4274
4233
3471
29312
19786
16846
11163
7970
6490
6394
4333
486
24334
16336
16116
15205
12128
10801
10122
6609
5965
4977
25508
9089
8938
8004
14842
12417
1598
26755
18032
15680
14099
3424
1842
1535
18766
12443
9545
6405
5367
3239
20947
13973
24520
23057
20458
14928
10940
8976
8214
6480
4531
3200
2785
24189
24173
22618
22549
4495
4441
2146
2098
23801
23622
17729
10434
9947
7598
7398
2242
657
25074
10579
7150
4616
810
11580
11500
8491
4512
4357
3957
25341
5905
1524
789
23547
15258
10884
10327
7087
2561
1508
993
22794
10672
7601
7548
7536
2009
1278
858
29349
21448
16749
15613
13332
9814
8957
8333
8076
5465
4201
3647
3025
1380
1355
25561
23468
20957
6751
1979
25677
16679
16112
14703
10838
10156
7586
6931
28985
12807
10631
7232
6946
2255
26343
18811
15115
12875
11486
6819
945
19467
19436
12849
6473
6354
2482
1933
759
28942
26655
20305
15935
12021
8522
6289
29811
22696
22069
21283
19848
13405
8939
8072
3876
3691
27335
21832
18906
18363
12326
11627
10917
5476
2838
1461
26771
22212
9378
7395
3966
3222
2148
771
21040
21006
20654
17231
14643
12271
10933
8848
8315
6098
1285
27908
25340
22134
16242
13956
10742
9500
5645
4946
2933
2460
1507
1397
24464
19571
18195
14359
11188
10501
7829
6038
4368
3775
28121
18806
16355
16021
15839
10761
10223
7258
5604
5296
4603
1245
29826
26820
23123
10097
8727
3333
21039
13016
11525
10879
6494
5743
4425
4279
3173
2413
23610
23455
9131
8296
7352
6529
4746
2049
13344
9379
6455
5652
4444
2774
22622
17838
17517
14112
13869
11054
10049
9743
8541
4149
27746
23432
17279
16630
12558
12298
11164
5766
2256
28639
15075
11664
7782
1717
23921
13777
12784
6564
4979
2134
1871
19107
16611
16538
16096
14927
6664
2136
2018
2017
28149
26504
17906
17436
11421
7773
6238
5412
3132
2975
994
25527
20123
19231
14014
13994
11872
9873
9132
8256
7766
4477
3414
1481
1347
24273
23134
20723
18655
14321
14002
13521
12507
5963
5114
4679
23451
19872
14523
13133
8950
8022
7885
5534
5036
3921
3440
2980
2167
17327
16835
14675
13269
12474
4325
3321
1166
29129
16387
14188
10800
9940
5844
5821
4413
4235
4095
4005
3736
2777
23390
21837
17620
15468
14653
6793
2527
875
25217
24383
23546
15074
13170
8194
4505
23794
16385
8929
5936
5722
5525
29469
23717
22769
22161
15373
14686
13120
11210
9815
9619
9394
5094
2681
2358
483
29735
23522
19600
19408
19225
19079
15296
15252
7972
5684
5632
2491
23947
23926
15404
15241
12841
11798
8405
8052
7823
7353
14209
13574
9775
8703
8469
6837
6729
3216
2564
23990
22082
21990
21273
21219
19989
16263
11914
8955
6382
5272
987
19647
14746
9972
4682
4339
3417
1240
29952
29898
26603
23779
20521
10887
10549
4764
4185
2878
1039
878
25531
22778
21692
16416
14912
10909
6969
4630
980
22277
21820
18025
17785
17229
13873
13788
10129
8157
5932
2204
2027
22193
15743
15000
5555
29413
25013
21351
16867
12652
11705
11174
7047
6096
5753
2977
2409
1417
22473
20389
18530
17967
16575
16225
12529
3983
2212
842
20255
17786
17763
15561
15311
15092
14297
10231
10087
8717
6942
2426
2348
2189
23164
22983
22822
6492
3858
2479
1365
29337
22522
16410
14061
13206
10625
9985
7136
1297
26201
23379
22760
21573
20793
19576
19174
13964
8230
6523
4418
3873
2922
29380
21639
18720
18310
18254
17774
14914
14862
14333
12845
12623
9512
9401
3847
28773
24646
22444
22237
15428
12061
7329
6924
6617
2701
966
792
22754
20810
17654
12242
10426
8069
7934
3905
3389
3028
2423
1544
22722
21246
19747
19525
17280
13998
13589
12084
10541
9215
7111
3874
3350
2930
2684
24455
20251
12232
12092
3502
2763
1572
27008
19781
19469
15504
5514
4332
3686
2547
29319
25300
23056
20699
19468
18443
16330
14283
13630
9345
5713
4608
4245
19810
17793
13386
9736
7912
6826
6511
3977
3131
15964
4021
1884
23551
16766
15574
15509
14076
13794
10076
9913
5397
4983
3860
1456
23507
23381
21626
20413
19415
15905
13676
11710
9505
5496
2471
1869
27965
25993
21005
19780
15554
11209
10812
10320
9146
8927
6095
25550
17173
16773
12760
11828
9712
6685
3470
2015
27592
25657
21734
16743
16229
12758
10379
10296
8873
6611
6046
2832
2073
1852
1575
30497
28455
22595
19767
16508
13434
13267
12504
10530
4766
1829
24116
19607
18781
16724
16656
11059
10023
9921
8828
7480
6284
4692
4055
27470
26758
25963
22830
21804
21767
19012
17439
15028
14495
10011
7475
5727
4046
3880
3357
2901
1478
823
23490
18881
18408
18130
18066
13874
12187
7418
4024
3437
722
26309
14496
14393
12302
8492
29458
22345
19373
14107
11955
11827
7202
6964
5535
5393
2868
2089
1671
1455
28442
25828
23051
20084
19355
14831
11682
10906
6956
6920
4840
4084
1664
1324
27942
15056
14973
13665
11858
11520
11235
9875
3449
3152
1751
595
28875
19521
15983
7294
5862
4969
3522
3161
27144
25530
24231
18919
16831
14231
13734
12903
8453
7794
5987
5562
5374
3133
2888
2801
2571
2267
2254
2145
25239
23505
21849
18551
17997
13500
12862
9493
7037
6275
2480
2280
2231
1859
1819
1793
1705
1289
27343
27198
20591
12005
9368
8910
3394
3121
2590
2192
2121
20248
19119
10899
3031
2756
2250
27379
23872
23026
9348
6403
5394
4694
2007
28108
25364
12734
7405
2897
26406
25535
25005
19416
15780
13533
11470
10835
9020
6762
6707
5890
4700
3615
1924
20887
20285
17006
16178
15662
11994
10728
6425
5999
2703
1239
28830
28042
26429
25936
21210
19540
17568
13345
12912
10146
8359
6782
3944
3745
3062
2731
2035
1946
24171
19861
18219
18186
17622
15168
7120
7048
6463
5338
4077
2807
29220
23139
21881
21083
20450
20118
19717
18172
13598
12717
12324
12203
11565
9224
8066
7787
5171
4036
1745
23940
16375
15134
12992
11592
11412
10824
10640
10110
9241
9097
9063
7115
584
29507
28859
28469
26148
22728
20343
19340
14401
9789
7799
7612
5095
5022
4125
1761
1092
1040
25462
24779
23131
22102
20818
19396
11276
7093
4742
4629
3298
1002
22338
17869
13625
10068
5960
5882
5750
1294
1188
24103
21028
20037
14381
13055
11747
10929
5731
5251
5147
4414
1592
22092
19716
17655
17180
12463
11165
10751
9613
7436
6515
4675
4141
3407
1774
1015
22879
22300
18983
16467
14235
12611
8995
5302
3821
2463
2395
2139
865
25252
24500
22979
21754
21242
18975
17346
16257
15772
14741
14167
12727
9446
8820
30132
28848
23382
17924
16669
15687
14884
8931
7420
1300
710
26490
25320
25078
22047
21612
19707
18469
14529
11845
10930
10902
10628
9978
8812
6191
4716
2432
721
28865
21142
20364
19546
16958
14788
14430
11259
10754
10492
10200
4869
4853
2549
28635
27849
20098
9570
9432
8799
6742
5363
4968
4774
3603
1639
1543
1314
22261
20346
20139
19922
17862
15416
15223
15161
14467
10268
8605
2736
28431
27503
24092
18403
10127
8974
6427
5521
4861
4302
22910
19824
13725
10650
10446
9012
6836
4539
353
28481
27886
18778
17630
12625
9795
5549
3405
3127
2251
765
26990
22884
20714
19681
18677
17140
15563
15189
14591
12595
8461
8428
8128
7208
5547
5499
4618
3349
2502
1387
1331
1107
29548
25100
24067
23633
22037
20024
19341
17558
14426
14224
11981
11265
8536
7863
7017
6985
5221
3451
782
30165
24909
23261
20612
20183
16370
13674
12920
8623
6914
4347
4018
3519
3242
30099
29197
27697
24936
24431
23904
22773
21344
18939
18838
18217
11395
9449
6872
5815
5516
4464
2984
2966
1712
1580
25724
24207
21983
21628
14511
9307
8640
7639
7542
1765
29159
28563
21726
17694
17188
17049
16356
15724
13848
13561
12919
7915
6683
6544
6089
2420
1548
1181
29490
24967
24388
24170
22055
21100
21082
20309
19840
17546
16717
14993
14656
13601
13331
12695
12327
4995
4881
3538
2652
2415
1680
1547
28596
23588
23195
20514
20089
16610
16226
12461
12059
8270
6731
5386
5039
3955
2526
2120
29663
19915
19572
19518
15390
15201
13705
12961
12786
12772
12642
11258
9766
9202
8913
8362
7472
5321
3669
3618
1921
1846
1512
1391
27881
26819
26507
19066
17845
16420
14043
8711
7977
4452
4426
2698
1850
29051
22337
21321
20704
20653
19839
19754
18180
16719
16267
11461
10809
10679
10003
9495
7964
7463
6424
5409
5168
4845
2055
1596
1150
29341
27656
26413
24663
18760
18697
11558
11451
9904
8671
5840
5410
4106
29236
27302
25672
20751
20040
20017
19264
19224
18892
18368
16650
11158
11105
10364
7003
3406
2365
725
27515
26671
26463
24806
24298
17878
17422
14033
12212
11840
10345
9364
8900
8576
7248
5203
4145
2909
2310
1574
949
22002
20493
16888
15832
14422
12312
7657
6299
5780
5761
4760
3682
2847
28967
27581
19852
18159
17564
16302
16271
15327
14792
9886
9058
8386
6984
6724
6306
4415
1059
29693
28539
24507
23181
19589
19098
18952
17914
17252
16239
15187
12094
11021
10267
8494
7191
6176
3657
2051
1727
1279
28656
19752
15869
13544
13436
13426
13382
12420
12343
10597
8380
6661
6036
5570
4170
3594
3347
2596
29962
28602
24172
22683
22181
20552
20407
19963
17644
14282
11477
10039
9536
8632
6198
3156
2158
28681
21543
21194
20115
19462
19315
18966
17652
12053
11624
10839
10384
9281
9177
8220
5450
2408
2034
28033
27994
25779
23735
22437
21334
20618
18612
16120
15382
14731
11950
9914
9103
8668
4600
4417
3581
3030
26195
23580
21616
21117
20913
20603
20050
18225
17718
14020
13236
13036
11376
10032
8395
7456
5708
5096
700
21955
21000
17741
14578
13560
11685
11251
11157
11102
8245
4558
3747
2959
1441
29616
25417
23693
20801
15387
14335
12554
11909
11137
8210
7663
5037
3964
3498
2123
1404
827
28425
28420
20487
20436
20408
17515
16191
14433
13029
8617
7273
7212
6030
3958
2410
1897
23232
22875
22424
20036
19405
17726
17433
17293
16896
15151
14424
13452
12802
11530
9279
6503
6351
6139
4467
1482
26320
22775
21800
20209
18481
16343
15787
15031
14981
9637
8681
6910
6841
6241
4878
4733
4384
1759
926
27320
24732
21050
20365
19623
18751
17979
16661
12651
10329
7163
6207
5818
3714
3107
2944
2272
29513
27294
20447
17259
16588
13586
13244
12744
10696
10184
4559
3477
27784
22545
22162
20954
19148
18886
17454
15339
15058
14202
11380
10701
10410
9813
8943
7995
6950
992
28996
28573
26203
25972
25970
25713
22306
21224
18708
18365
16077
13819
10805
10551
8399
7781
6251
5267
4442
3166
1996
816
28965
27482
19821
17365
17164
16905
14944
14387
14372
11211
10371
8014
6974
6625
5707
4508
28883
28774
27446
23986
23058
21435
20501
18513
16726
14954
12407
11017
10897
9869
8961
8948
8679
6166
5923
2546
2147
1693
24332
23454
22611
22367
22183
14913
9029
7844
7319
5271
5191
4978
3364
1990
847
649
30150
28761
25617
24252
22573
22229
22091
21114
17800
17452
16955
13081
8225
7780
7045
5188
4757
3729
3500
1875
29395
27498
27181
25702
21200
17018
11195
7866
6651
4293
3361
2574
944
28399
22669
19532
16699
15234
12409
9633
6797
4254
2252
28798
28043
27214
26858
26644
23226
21367
18150
13186
12586
10966
5060
3342
2667
28134
27836
26829
26080
26014
24876
22880
21588
21090
20382
19888
19205
17651
13774
11976
10816
4481
3402
2775
28606
26546
25156
18860
17715
16929
16531
15879
6987
2611
29023
27374
24161
23332
17820
17418
13284
12337
9306
7438
6976
5313
3881
3149
651
29080
28435
27758
27556
25581
24000
23308
23238
21796
20953
19914
19583
16397
16129
16106
14338
11595
9805
9424
8846
8584
6669
6400
5584
5362
5340
5084
4980
4058
2662
1567
430
29583
28507
28000
27977
27754
27032
24833
21665
21201
19639
18104
16062
15705
14919
13261
11292
9659
9551
6699
5608
5079
3791
3515
2634
30073
29215
29055
27402
26420
21991
21684
20888
17696
16578
15141
14904
14238
12666
12234
10952
10324
9770
9016
8696
8252
8151
8083
7955
6332
5444
5023
1344
1227
1066
28966
27464
23080
22941
22624
21549
18331
17667
17536
17524
16869
16725
15659
15508
14499
14382
13793
10116
8377
8238
7608
7604
5819
3365
1773
28387
26505
24479
22204
18350
15834
14937
14812
12502
12439
11506
11310
9258
7609
6468
6042
4161
3733
3398
2836
30078
29528
27954
26496
26449
25325
25311
24169
21248
17261
15220
14886
14045
13672
12042
10617
10193
9101
9010
8508
8162
6482
6472
6092
4857
4434
3150
2425
2331
26824
25949
25700
19533
19328
16429
16404
16380
14517
13901
13818
11495
11326
7112
2537
522
27278
27261
22104
21702
21003
20979
20928
19514
19412
12647
11122
4752
1831
783
29130
23258
20186
18085
17385
15457
13493
11369
10511
7308
6957
6740
6364
4160
4082
2478
1005
26024
25861
23025
21798
19896
19434
18517
16688
15590
15458
13076
12086
11222
4981
4555
2161
2032
1896
29559
26508
24921
24165
22020
21026
19626
17205
13714
13593
13201
11910
11504
8908
6951
2700
2238
28947
28163
27481
26946
21838
21155
17675
17196
16692
13949
11975
9733
9467
8635
7431
4807
4353
1457
28886
26239
24329
23449
22155
21694
21308
20330
16967
16344
14520
13235
10959
9434
9223
2068
30169
29976
28976
28189
27189
26094
24899
22543
19310
16988
11911
11418
6774
6370
4880
2628
2473
2218
28688
27709
25222
24344
24159
23643
23630
22116
19120
18835
17386
17204
16256
15328
14288
12686
12239
11684
11603
10421
7051
6426
4329
31555
29543
23769
23550
21230
21195
20616
18425
18109
13519
12286
9821
8506
5105
4867
3898
2438
1249
518
27788
27777
25446
23330
21614
21031
19884
18387
15873
13950
13350
11293
10592
10078
7979
7707
6656
5611
5330
4575
4285
3820
1590
27357
27314
25804
20027
17823
16549
13879
13319
13246
12398
12307
12067
9852
9716
9269
8543
8276
8080
8002
5025
3665
1187
29701
29692
29081
28470
25946
25396
22374
20105
19910
19185
18400
15048
14965
10519
6858
1957
828
29913
28645
28058
26474
25214
23585
21580
21188
18290
16697
15942
14737
14200
13290
10963
10859
10305
9555
9262
8887
7516
4864
29199
21471
17791
16800
16639
14961
14363
11677
11180
10058
9859
8962
8161
7985
6234
4273
4102
2388
1137
26999
26532
26072
25480
23736
23553
23012
22707
22072
20341
18901
17720
16392
15645
13071
9735
9593
8854
6994
6919
6579
6194
4430
28453
24242
21054
20657
20452
20304
19700
18994
18520
17462
16778
13023
12427
9792
9049
9024
8397
8008
4790
29358
28169
27217
24325
19179
18918
18499
17535
17347
17105
17055
15859
14380
13138
6655
6574
5929
5153
3483
2952
29163
26840
26645
24147
22831
20877
20850
19679
19395
14132
13547
12814
11233
11039
10163
9004
8454
4563
4213
2616
2418
2066
1125
29830
28430
26301
26232
25554
25423
25210
24577
24284
23995
23403
22937
19712
18830
17099
16388
9382
9351
9055
7625
7117
7078
5541
3859
29804
26001
25782
25398
20629
15996
14870
13563
11777
11092
10365
9737
7672
6845
6589
5426
3456
3168
1689
28133
27684
26892
26350
26086
25291
23797
22458
22005
21867
21751
21097
20860
19263
19183
18707
18070
17995
16326
13868
11761
8324
8096
7962
7674
5665
3169
2101
1493
1406
24701
23556
20811
18447
18422
17269
16063
15783
14175
12418
11524
8837
8281
6583
2556
28324
27688
24628
24230
23363
22856
22329
20258
18671
17532
16723
15569
14911
11763
10104
7769
7642
5291
4182
3129
1753
1411
29580
26839
25273
24937
24639
23446
22981
21046
19163
17551
15968
15722
12533
11878
11847
11348
10947
9992
9565
7316
7126
6258
5848
4636
26926
25569
25523
24452
21635
21309
20201
18973
18419
17583
16273
14710
10135
9945
9451
8792
8450
3022
3018
2519
1011
29383
24776
24233
22898
21356
21079
19636
18464
17712
15620
15064
14497
14219
13698
13384
9926
8357
4244
3146
2608
1659
1638
1337
683
27310
27057
26800
25738
24854
24717
24513
23511
22960
22731
22309
21226
20502
19959
17977
17711
16706
15303
10147
9466
7592
6948
6526
6402
5589
4749
4230
3987
3577
1655
28953
26902
26811
26506
23840
23244
23053
22706
21256
21130
18857
18440
15116
15038
14877
13858
12902
9801
7830
6943
5349
3345
2686
1119
29425
28839
28325
27375
27091
26627
25616
25331
24413
24124
23272
21239
20009
19964
18018
17039
16561
13857
13731
12124
9685
9216
7862
7582
6869
6541
5718
5378
4127
29416
29120
28679
24432
23437
23359
10652
9003
8444
8329
6432
6051
5343
4900
3568
3155
2770
27953
27131
23559
22352
21653
21211
19730
19555
19478
18192
18055
17991
12991
8472
5795
5030
4070
2070
1702
30130
30057
28177
28103
27305
25228
23935
21539
21387
20466
20191
17684
15133
10377
5989
3695
3639
28464
28008
27225
26576
25871
24870
24060
24013
23937
22567
20410
19782
19383
19211
18872
17832
17602
17132
16873
16294
14979
12688
11187
7734
5464
5315
4883
4215
3011
2529
2084
1918
689
29265
28038
24990
24408
24400
24237
20660
17647
15436
14419
13487
13411
12836
12779
12770
10412
9508
8839
8720
7610
6847
5666
5481
5222
5210
3673
1292
29440
28199
28075
26514
26054
25502
25443
24963
22825
21954
21649
19363
17464
15232
15118
14541
14379
12023
11358
10109
9857
8646
6021
3244
3116
1941
29922
28702
28610
28321
25090
23703
21420
19266
18818
16710
15499
15322
12301
12049
9917
8912
8638
4951
3480
2905
29773
29263
28482
26202
23180
21561
20336
18853
18690
13052
9608
8734
7795
6907
6391
6249
5461
4528
4015
2072
1874
1103
27729
27111
25447
24424
24293
22888
19830
18834
17963
17818
16711
15376
14897
13689
12827
11208
10388
9714
9644
7098
4017
2993
2936
2094
1743
29822
28692
28289
26091
25143
24706
22332
20193
19723
19267
18558
18342
16526
15648
14471
13461
11009
9212
7540
7323
4450
3496
29983
29714
28178
28061
24536
23952
22576
21888
21669
18845
18712
17184
17083
15997
15723
14637
14631
10668
9528
8690
7546
6727
4610
4403
2828
26823
25305
23964
23644
22821
21994
21043
20892
19471
18409
15899
15543
14576
13703
12602
12248
11966
6703
5812
5016
3332
2377
1597
1224
969
27389
25269
24454
23626
23346
19967
18480
18346
18112
17540
17005
16700
15806
14060
12122
11052
10467
9265
8789
7988
7709
7310
5226
2783
1555
718
29762
29574
29314
27725
27547
25278
24905
24187
23888
20932
19995
19911
19653
18500
14734
11115
9315
9286
7340
5544
5107
4139
3906
3085
1611
1485
28696
28512
28282
27003
25831
25339
21430
21109
20982
20789
19426
14354
12243
11420
10891
10798
8283
8033
7177
4625
3928
3279
2603
1265
1211
28968
28911
27580
27523
25204
24552
21637
19766
19249
18990
18953
18043
15121
14751
13030
11819
10112
6381
4324
3950
3093
2976
1707
1631
888
27012
26797
26108
25517
25274
24205
23870
23864
23663
21622
21567
21312
21260
18523
18103
17246
16245
15833
14828
13907
12621
11455
11261
11043
9708
7537
7085
6436
4112
2916
2742
2281
1949
903
29745
29086
26978
25552
25082
24754
23690
22819
20590
19965
18666
18515
18054
18036
17587
16774
14117
13442
13158
13154
10362
9657
9499
7854
7771
6447
5309
4871
4338
2380
1903
27371
24968
22832
22071
21302
19385
17768
17735
15464
13903
12567
7500
4011
3683
2455
2284
999
29833
29797
27721
26290
26285
24956
22968
22556
20674
20601
19958
19818
19627
16976
13520
13129
12551
11880
11476
10792
10719
9847
9014
7241
4010
3248
1654
1007
25622
24346
23535
22873
20471
19569
19269
19201
10174
9399
7029
5485
4664
2299
1731
29438
29035
28778
28543
26971
23994
23388
23116
22950
22165
21705
21460
16864
16232
15617
13962
12569
12050
10259
9522
6131
3386
2521
1541
1350
29535
28138
27773
25387
24886
24473
22225
21464
21198
20976
20607
20218
17799
17441
17168
14494
11895
11526
10700
9678
8645
8489
8310
7543
6477
5912
5049
2988
2062
1647
29763
29502
28826
28752
28476
27400
26461
25046
23683
23525
21712
21467
20715
19856
18782
18694
18099
14728
13926
13839
12272
11837
11000
6929
6674
6081
6067
5687
5173
2056
26987
26540
26529
25841
25212
24952
24809
24803
24638
23725
19486
19015
18619
17463
17352
16612
15109
15017
10118
8796
8388
7511
29738
28191
24942
20558
19220
16234
15933
13005
12864
12698
12451
12141
11869
10017
9828
9506
7680
7283
6878
5889
5689
4657
4613
4529
2735
2286
2075
28931
23120
18187
17745
17189
16637
15192
14895
13184
12712
9558
7261
6764
6334
4096
2540
2083
1769
1479
29595
29563
29214
25997
25884
25539
25362
25198
25036
24258
23704
23389
23329
21452
20376
18291
18245
17541
13330
11465
9591
8710
6933
6894
6876
4931
4371
3061
2893
2802
2458
30039
29418
29221
29201
28648
27257
25808
25647
23754
23448
22170
21608
18020
17360
15717
14978
14661
14257
9812
9263
8941
8509
5152
3778
1777
1185
29993
26384
26303
25948
25719
25223
25088
24894
23746
23418
22699
22061
21138
21123
21104
20512
19957
19649
19016
18745
18361
16810
16453
13182
12736
11543
10669
10205
9612
7797
2044
1962
1343
29905
29466
28800
27889
26351
25257
23137
23119
22863
22649
21700
21615
20919
19688
19632
17324
15164
13242
11953
11427
8715
6619
5900
5361
3689
3167
3019
1971
29716
24555
24042
21021
20848
20546
19785
18755
17909
17520
17091
16927
15366
13840
11672
11053
10008
9819
9238
5578
4090
2854
27803
26652
25836
25413
24581
19985
19813
19281
19239
18449
18323
17086
16847
15281
15171
14340
13650
11551
11445
11415
10349
9335
8625
8118
7989
6031
5994
5066
3123
2442
29154
28760
28472
28319
26959
26702
26263
24988
23059
22687
22084
21144
20136
19257
19192
18470
17775
17040
16755
16103
15937
15065
14953
10397
10070
9021
8642
4912
4327
4115
978
29117
27448
25524
24377
23586
23090
22878
22360
20821
20747
20678
17937
17538
17503
15385
14679
14216
13849
13557
13318
11896
11553
8149
8088
7387
6897
6491
6273
4639
4117
3667
3231
3136
1823
1180
28310
27391
25488
24788
24559
22913
21510
18643
16926
15729
15668
15592
15044
14873
14565
13479
12244
11949
10222
9229
9136
7268
6361
6347
3993
2995
26733
26606
24873
22999
22834
22588
22466
22425
21337
20937
18580
18537
16415
16317
16035
16003
12483
12266
11417
10921
10484
8998
8919
8819
8534
8280
8262
8141
7932
6320
5018
2509
2376
1697
1442
28789
28705
28145
27246
26032
25496
23676
23415
18698
18544
18321
17971
17811
16912
13694
12066
11936
11285
11057
10896
9437
8087
7468
6500
5734
5662
5083
4298
2870
2853
28421
27597
23960
23435
22195
21691
19783
19435
19087
17366
17068
16624
16523
15595
14276
13880
13004
12840
12357
11962
11934
11294
10868
9093
7446
7345
5893
3588
3395
2724
2199
1992
28811
28447
27871
27857
27289
26549
25813
25501
23351
23274
23027
22829
20414
19949
19144
18665
18568
16946
16193
14383
12374
8588
8417
7168
5156
4163
3934
3433
1980
1750
1409
879
28672
26818
25704
24530
24235
23367
20102
19977
17970
17935
15702
15443
15353
13791
13181
10281
8232
7744
5256
4356
2095
685
29974
28987
27791
27067
25638
25047
23187
22932
22851
19720
19480
16980
15775
14800
13336
10468
10301
9406
9214
9085
8722
7451
5964
5297
4569
3358
29821
28715
27350
27101
26933
26642
25234
25135
20520
18386
17837
17056
14923
14763
14174
14067
12789
12449
11940
11300
9672
8937
8885
8500
8342
7293
3605
2550
2459
2016
1801
1785
29986
29765
28836
28655
28454
24658
23791
23000
22580
21896
21778
21305
21207
19711
19308
18721
18259
16614
15500
14267
13475
11625
11549
9580
9126
8686
7928
6624
5871
5705
5366
4707
4656
4589
4252
1881
29323
25081
23430
23383
22862
21677
20107
19994
19188
17371
17170
16483
16000
14453
14125
12676
12257
12246
12033
11988
11780
11082
10348
9447
8517
8119
7272
5580
4341
1923
31512
29684
29442
28327
28179
27629
27584
27493
27368
27081
26815
26470
25072
24828
24818
24721
24615
24152
23489
23011
19811
17089
16586
15283
15278
13877
13089
12358
12137
12109
11665
11463
8571
8059
7252
5847
4925
4662
3752
3286
2938
416
29115
28905
28523
28495
27745
27430
27149
25722
25609
24622
24371
21571
21154
20525
20511
18964
18801
17796
16346
9050
8857
8018
7814
7515
6397
6336
5283
4113
3567
2666
2383
29544
25821
25373
23483
20968
20114
17470
17216
16094
15877
15114
15101
14215
13997
13492
12608
11614
11242
10788
10774
9841
8954
7614
7245
6349
6071
5428
4627
4516
1003
29379
29363
28990
26942
26192
25688
25012
21453
19032
18190
17151
16811
15579
13449
13190
13100
12935
10738
9018
8307
8265
7869
6698
5801
5422
4584
3914
2902
2536
2300
27672
27550
27323
26994
26265
25389
24472
24469
24127
24084
24021
23228
22874
22470
20578
19538
19046
17765
17510
16736
16566
16476
14880
14783
13162
12117
11735
11576
11266
10723
9450
9303
8740
5609
2364
27855
27489
27256
26995
26784
26122
25720
25666
24579
24382
23425
23281
22455
22434
21496
20144
20088
20042
19854
19284
18702
18618
18139
17514
17206
17062
16413
16389
16303
15611
14111
11231
9890
9188
9068
9027
6737
5990
5693
5563
3961
3948
3008
2601
1464
30069
29268
25332
25161
21578
19954
18930
16703
15958
15603
15090
14882
14278
13809
13622
12817
12737
12091
10804
4524
3863
29997
27690
27647
25750
25600
25414
25409
24837
23371
22629
21909
21634
20602
20295
19136
19001
18858
18196
17737
17713
17156
16097
15547
14588
14547
12473
12029
9514
7872
6099
4924
4278
4221
2589
2273
2202
29801
29727
29482
29191
29132
27358
25834
24201
23758
21862
21760
20803
20531
19992
19905
19726
17492
17292
17078
16964
16145
15196
14339
13577
12709
12313
11505
11286
10778
8966
7545
7429
7135
6352
4626
3915
3671
3259
2991
1752
1163
1096
28750
28549
28450
27090
26718
23276
22939
22613
22592
22558
21861
20881
20706
19440
18606
18378
18335
16459
15372
13856
12678
12289
11755
11556
11099
9846
9332
9297
9139
8708
7484
6901
6578
4948
3764
3703
3283
1677
28605
28107
26130
26056
24600
24551
24370
23820
23093
23028
22430
21438
21192
20924
19501
19492
17933
17119
17004
15270
13747
13612
13391
13188
12833
12692
12368
11689
11561
10241
9867
9744
7453
6890
5711
4211
3837
699
29050
28684
28273
27935
26165
25016
23394
20639
18750
17885
16199
15356
14581
14073
11356
10985
10685
10203
9948
9454
7671
7343
6825
6358
5382
5053
4930
4877
3409
2810
1491
605
27744
26029
25619
24801
24688
24591
24232
23503
23440
21643
21534
21071
20474
19604
19475
17903
15481
15033
14139
11148
10693
9120
8946
7577
6851
6151
5354
5142
4876
4798
2923
2587
1526
1318
1110
29643
27767
27236
25187
24775
24496
24247
23596
23384
22187
21905
21749
21160
19841
17749
16250
15503
15359
13173
12040
11884
10871
9398
8716
7192
7004
4714
4614
4027
2532
2467
28898
28259
27668
27333
26004
25437
25402
25391
24447
22931
20816
20764
19807
19566
17827
16554
12981
12837
12309
11216
11071
10898
6967
4932
4547
4469
3909
3637
3105
2934
2414
29344
29192
27682
24799
23534
22653
20562
19574
18890
17179
15259
15072
12323
11301
10939
10471
10350
10178
9942
9521
8631
8167
8144
7825
7705
7687
6935
5130
4151
3635
1792
1112
30063
28238
27450
27234
25718
25667
23387
22585
22341
22214
20595
18543
17126
16911
16782
16118
15767
14724
13501
13064
12572
12101
10525
10230
8465
6608
6235
5149
5031
4194
3566
2903
1981
30000
27455
27096
26517
26436
26188
25312
21126
20977
20847
18870
18764
18719
18167
17728
17443
16779
16653
16445
15400
14801
14781
13852
12705
11846
10091
9706
9119
8698
8147
5675
5526
5402
5136
4758
3523
3484
3042
2389
2346
1594
30033
29360
26458
26235
24395
23895
23033
22386
22330
22182
21019
18451
16850
16435
15451
14486
12219
12096
11916
10695
10418
10381
9564
9489
7055
6335
5906
5071
4858
4212
3901
3090
2767
2754
1393
29467
29303
26233
25615
25323
23416
22326
19849
18184
17985
17459
17243
15786
15182
12987
12873
11908
11850
11831
11617
11101
9607
6928
5597
5081
4776
3297
2249
1828
1031
30341
29658
29403
28744
26848
25734
24774
24474
23355
23063
22176
18982
18414
17976
17826
15352
14157
12751
12628
11408
11234
10532
10368
8260
7931
6808
6800
5721
5455
4812
4743
2566
2512
2490
2484
1197
29867
29053
27742
26503
26354
25562
24940
24610
23968
23584
22450
19262
17842
16307
16254
16165
15802
14287
14010
13686
12965
12885
12838
12799
12392
11807
11078
9927
9100
8862
8303
8192
7183
6283
5884
5638
1635
1356
29126
27978
27826
25031
20805
20052
16546
15719
13722
13308
12747
10768
10641
10452
10052
9460
9386
9192
8916
5311
4926
3848
3756
3690
3445
3293
2780
2124
27014
25237
23156
22826
22527
22525
21610
21433
21396
19544
16783
16311
15755
14677
13469
13094
12741
11922
11156
10710
10419
10293
9874
7406
6986
6834
6170
6152
5958
5067
4206
4196
3818
3245
2920
2333
1115
973
27769
26940
26689
26377
26025
25211
25182
25006
24825
24389
23453
22641
21783
21301
19247
19104
18371
17607
17233
16909
16170
16053
15585
12618
10323
10256
9025
8305
8116
7737
7673
5973
5759
5694
5216
4666
4631
4447
3198
2631
29865
29668
29279
28402
28332
28269
27715
27487
26002
25812
25057
24604
23980
22035
20313
18428
18115
17343
16705
15218
14505
14161
13198
12687
11991
11527
11108
11077
10483
9483
7681
7207
5108
4825
4401
2375
1311
668
30650
25149
24765
24557
23431
23251
22691
22633
20771
19342
18777
18237
17225
17021
16951
16949
16882
16750
15647
15330
14457
13396
12957
12560
12531
12347
11943
11695
10997
9209
8814
8520
5838
5785
4838
4500
4101
3959
1830
781
426
29561
28887
27593
27428
26869
25128
24860
24179
23878
23619
22542
21022
20396
20056
19194
18286
15827
14240
14114
13801
12812
12509
11290
11064
10964
10198
9849
9359
9225
9151
8678
7199
6859
6739
6260
6222
5231
4193
2929
1545
28920
28221
27734
25792
25151
24795
24476
24114
24046
24011
20990
20398
18303
17983
17211
16051
15816
15523
14750
12733
12455
12199
11809
11803
10272
10246
9894
9693
8977
8829
7275
6087
4456
3066
2029
2025
29938
28913
27710
25594
24993
24241
22812
22561
20287
18644
17063
15459
15397
13512
13489
12425
10817
10233
8744
7485
6840
6761
5128
3408
2173
729
29433
28834
28473
27931
25260
25256
24771
24691
23906
23766
23659
22384
22222
19400
18808
18271
17052
16920
16398
16169
13752
13374
11833
10568
10533
10529
9474
8226
6745
5820
5715
4436
4350
4039
3994
3952
3651
3640
3587
3493
3486
2076
1193
29985
29980
29841
28422
28118
28056
26807
26654
26442
26307
26140
26060
24498
24016
23931
22899
22342
21293
20873
20666
20060
19026
18696
18563
18169
17400
17262
16984
16151
15664
14997
14881
14587
14108
12108
11836
11802
11255
11134
9858
9595
8348
7880
7262
6765
6126
4778
4701
4476
4144
3228
2987
2126
1614
30019
29958
29156
28709
28206
27541
27436
25890
25206
24342
23038
21647
20834
20548
19388
18452
18333
17743
17581
17193
16667
16269
15875
14843
14423
13897
13415
12963
12778
11179
11051
10115
9750
9504
9183
9154
8394
8017
5939
5404
4769
2947
1275
29289
28923
28172
26268
23764
22713
21699
21528
20859
19998
19430
19056
18561
18397
18041
17945
17120
16799
16291
16017
15736
15380
14999
14543
13842
12552
11322
11022
10904
10745
9589
9282
9157
8856
8771
7149
7067
6824
6613
6451
5763
5610
5197
4323
4175
1276
28526
28424
28257
28132
27560
27240
26213
26169
26062
25648
25171
24418
22964
21957
21555
21110
19980
18330
17698
15670
15661
15490
14556
13682
12344
11984
10702
10599
9864
9752
8923
8572
8006
7879
7186
7081
5314
4620
4583
3813
3642
1908
1851
1810
1742
1079
29131
28877
27988
27474
26639
26191
25965
25964
25590
25160
24034
23533
23197
23024
22792
21711
20745
19725
19515
19190
18970
18460
17986
17686
17029
16945
16758
16089
15299
14405
13941
13299
12708
12430
11283
11124
11038
10993
10596
8798
7501
6597
6172
6085
6001
5738
4635
3328
1536
28693
27733
27070
26039
23386
23221
22944
22799
22583
20680
20238
15423
14765
13792
13623
10995
9410
8363
7496
6390
4404
4025
3832
3376
2270
1968
1796
1715
954
807
743
29102
29030
28739
27543
26694
26342
26323
26009
25785
25395
24316
23279
22844
22039
22001
17625
17417
16947
16791
16274
15087
14442
14319
13000
10677
10482
10366
9336
8788
8736
7868
7052
6856
5249
4294
3731
3543
3312
3221
1553
29560
29207
28520
28305
28262
27685
27615
27399
26803
26742
26314
25917
25010
24396
23954
23670
22810
20668
20619
20051
18942
18272
17570
16205
15959
15931
15762
13602
12111
8762
8663
6337
6321
6146
5842
4704
4080
2943
29670
29646
29542
29049
28557
28491
28205
28094
26968
26695
26171
25967
24556
23074
23013
22965
22688
22042
22006
21676
21666
21603
20409
20312
18765
18747
18203
17809
17599
17103
16440
16264
16259
16076
15355
15273
13510
13285
12846
12047
11959
7889
7204
6615
6465
5955
5860
5513
5070
4310
4022
927
726
29352
27577
27372
27139
26142
26121
25613
25534
25486
24502
24130
22780
22671
21560
20556
20082
20078
19667
19608
19232
18813
18430
18238
18067
17203
15999
14889
14625
14009
13916
13914
13185
12216
12099
11782
11658
9597
8337
8228
8071
7547
7367
5730
5389
4067
2660
2079
1064
28809
28385
28334
27971
26252
25000
24446
23443
22586
22282
21162
20766
19411
19399
19138
18533
18131
17142
17069
14835
14088
13114
10139
9830
8833
7477
6997
6916
6888
6218
5951
5388
3119
602
30751
30088
30001
28704
27016
26434
26156
26026
25927
25715
25117
25091
23821
23249
22058
20296
19638
19464
18593
18101
16472
14618
14579
14407
13455
12932
11855
10494
9759
9392
9390
7274
5706
5585
5357
4843
4419
3324
2042
1688
1359
1132
622
29219
28519
28410
27820
27401
26855
25934
25470
24820
24574
23034
21419
21125
20371
20228
19870
19226
19039
18715
18031
16149
15926
14082
13667
12777
12247
11416
10335
9929
8159
5218
5119
4804
4548
4282
4263
3473
3009
2954
2747
2412
2004
1853
1729
1376
30046
30044
29930
29347
25706
25483
24877
24784
24421
23853
23376
21227
21204
20806
20586
19536
18071
17911
17615
17263
16856
16668
16402
16058
15837
14969
14774
14707
14563
14196
9435
9057
8525
7785
7581
7209
4929
4405
4270
3757
3626
2416
2405
1053
29007
28927
28722
28585
28160
27999
26371
26243
26187
25591
24059
22502
22219
21935
21497
21354
20838
18711
18450
18227
17999
17877
17807
17629
17528
16568
15641
14899
14698
13707
13615
12645
11960
11753
11073
10882
10709
10662
10646
9725
9171
8871
8675
8109
8026
6144
5676
5639
4974
4727
3302
2886
2371
1140
29603
29537
29034
28371
28074
27887
27641
27526
27227
26850
26677
26597
25957
24540
24338
24148
23600
21824
21370
19952
19886
18556
18145
17953
17912
16160
15628
15580
15310
15069
14817
14037
14022
13065
11173
10874
10278
9953
9691
9465
8336
7793
6972
5184
3071
2798
2156
29293
28342
28091
26844
26577
26464
26205
25691
25270
24826
24481
24440
23575
23029
21523
20774
19843
19642
18951
16807
16722
16014
15919
15622
15135
14385
14274
13751
13715
13465
13364
12637
11989
9523
9453
8328
7694
7292
6815
5008
4427
4128
3348
3027
2294
924
29769
27735
27041
27028
26510
25893
25806
25494
24987
23883
23345
23110
22024
21930
21833
21551
21292
20773
20235
19585
19217
18424
18243
17925
17668
16812
16702
15916
15818
15749
15602
15399
14941
14939
13944
13746
12633
11083
9413
6338
5817
5411
5333
4670
3359
2334
2322
1368
30034
27193
26511
25682
24082
21553
20998
20889
20488
19590
19075
18446
16470
15371
15282
14821
14411
13974
13347
13221
12690
12236
11851
11003
10312
9773
9415
9161
8945
8694
8340
7749
7573
6315
5993
5527
4784
2366
1615
30200
29652
29320
28475
27797
27497
26963
26838
26536
24907
24098
23603
23153
21897
21203
20925
20820
19901
19273
17456
14128
14047
13303
12714
12402
12380
11086
10791
10615
10612
10265
10189
9976
9756
9562
9261
9127
8674
8387
6874
6010
5565
4611
4537
4422
3999
3592
3046
2220
1780
1477
1256
28753
28157
27843
27603
26465
26373
25499
25173
24588
24542
23696
23294
22693
21208
21196
21174
20890
20039
20011
18861
18240
17766
17678
17402
17283
16853
16305
16065
15841
15566
14736
14116
13892
13149
12241
12154
11928
11838
11708
11446
11311
10970
10683
10665
10469
10157
9977
9581
9532
9421
8302
8154
7808
6835
6637
6590
4987
4895
4501
4494
4365
3420
2344
2067
2026
1991
1418
28792
28747
27963
27157
26992
26712
26423
25771
25525
24475
24077
23235
23227
22279
22267
21696
21473
19933
19697
18325
17897
16815
16732
16449
14938
13855
13733
11345
9696
9539
9250
8600
7936
7924
7556
7486
7154
6309
6143
5935
5442
5141
3976
3257
2127
906
904
30026
29747
29113
28769
27801
27419
27279
27138
25070
24135
23531
22287
22078
21762
21159
20952
20912
20842
20200
19698
19322
18220
17174
16278
16211
16100
15440
13643
12811
12768
12350
11316
10242
9983
9337
8683
7384
7354
6772
6649
6043
4738
4428
4378
2632
2368
2093
30135
29740
29151
28517
28445
28007
27766
27532
27495
26440
26325
26215
25869
25101
24378
23484
23349
23342
23136
22370
22142
21873
20809
20194
19406
19034
18960
18820
18230
18049
17645
15690
14663
14081
13844
13608
12726
12293
10860
9919
9717
8634
8606
7921
6717
5553
4859
4677
4560
3746
3142
1414
1116
29937
29653
28241
28119
28057
27431
27396
26922
26680
26538
26454
25504
25381
25335
25007
24941
24456
23941
23885
23806
23399
23077
22160
21008
20559
20542
19703
19645
19356
19228
19128
17764
17420
14772
13979
13161
13111
12231
12118
11806
11716
10508
9956
9615
8996
8204
8055
7132
5286
4814
4303
3346
1247
529
30077
29703
29078
26763
26328
25444
25404
25383
24324
23702
23404
22127
21998
21672
21094
17789
17530
17051
15945
15465
14549
14316
14172
14090
13613
13375
13160
12604
12379
12175
12097
11675
11313
10420
9968
9853
9429
9376
8971
8501
7846
6378
6343
4928
4759
3770
2633
2570
543
27386
27342
26924
25977
25895
24543
23378
23364
23147
21338
21103
20386
20157
19112
18592
17344
16670
15831
15473
14947
14682
14413
14214
13317
12424
11579
11436
11344
11307
10623
10552
10472
9889
9623
9013
8670
8282
8029
7896
7873
7768
6812
6758
5606
2962
2765
1758
30030
29856
29393
28869
28240
28026
27835
26877
26618
25071
24821
24238
24186
24024
23957
22771
21785
19673
17606
17297
16747
16716
15572
14655
13600
13445
13340
13310
13247
12536
11938
11540
10936
10417
10066
9653
9516
8782
8628
8205
8105
6022
5370
5285
5137
4988
4879
4668
4579
4527
4154
3726
3670
1770
732
29759
29240
29066
28514
26687
25822
25675
24764
24609
24285
24099
23315
23239
23205
22420
20393
20162
19282
18871
18497
17858
17707
17167
16979
16608
16436
15685
15053
14481
13920
13757
13509
12635
12072
8841
7855
7128
7002
6441
6055
5942
5217
5041
4801
4220
4200
3601
3334
3083
2170
1958
1563
29123
29099
28936
27438
27280
25063
25002
24146
23789
23697
23473
21814
21277
21025
20687
20539
20503
19428
17919
17134
16768
16485
16044
15479
15422
14668
13996
13982
12985
12896
12640
12339
11608
10732
10238
9941
9686
9658
9568
9106
9064
8817
8505
7820
6316
5026
4621
4605
3572
2557
2115
29992
29689
29047
28694
28634
28281
28190
27877
27845
27170
27044
26830
26204
25745
24590
24185
23824
22363
21875
21695
20289
19923
19684
19350
18785
16897
16628
15987
15914
15840
15556
14670
14217
14149
14001
13911
13451
11844
11217
11172
10748
10618
10542
9979
9621
9549
9477
8463
8085
8016
7888
6915
6790
6648
6149
6048
5498
4903
4735
4542
4289
4243
3530
3487
3443
2324
28524
26808
26749
26281
26125
25369
24697
24662
24611
24571
23771
21876
21709
20550
20254
20067
18893
18767
18651
17305
16712
16381
15638
15608
15489
14907
13513
13342
13125
13082
12773
12260
11671
11472
11350
10996
10610
10582
10194
10160
10085
8928
6962
6628
6499
6245
6008
5946
5793
5704
5577
4728
4507
3535
2676
28910
28907
26894
26649
24182
24025
23987
23942
23493
23347
23327
22909
22435
22393
22369
20871
20437
19881
19875
19687
19591
19493
19287
18635
18463
18459
18437
17772
17639
17473
17176
16513
16093
15848
15203
14757
14318
13365
12559
12278
11944
11925
11522
11269
11175
10982
10609
10353
9346
8899
8086
8028
7054
6814
6327
6322
5902
5466
5270
4800
4705
4652
4292
3883
3488
3043
2872
2393
2140
2040
1870
1381
755
29641
27722
27004
26485
24554
24091
24003
23043
22813
22275
22062
22060
21455
21425
20813
20694
20631
20232
19950
19650
19427
18821
18792
18445
18248
18152
17432
17220
15823
14654
14373
13917
13644
13419
13410
12822
12759
11923
11723
11291
11248
11132
9877
8477
7821
7324
7105
7099
6230
6205
5145
5064
4543
4530
4147
3214
2637
2005
30382
29736
29645
29511
28950
28646
28001
27967
27086
26903
25770
25603
24911
24661
23088
22848
22109
21518
21486
21004
20837
20478
20332
20328
18344
18246
17961
16770
14013
13011
12371
12163
11834
11758
11548
11539
10518
10475
10136
10123
9863
9309
9278
8485
7913
7712
7309
7152
6832
6654
6261
5628
5603
4837
4050
3188
3110
3075
3049
2445
2271
2226
1271
981
29304
29044
28975
28598
27711
26795
26619
26584
26120
25621
24669
24583
24516
22276
22218
21278
21245
20875
19869
19367
19303
19022
18610
18532
18370
18038
17992
17608
17533
16454
16345
16184
16114
15535
15478
15052
14972
14811
14638
13787
13467
13376
12104
11468
11381
11343
10240
8551
8349
7692
6854
6771
4788
3418
3255
2848
1893
1062
818
29540
29497
29308
28480
28438
28152
27809
26310
25201
24858
23881
23241
22971
22824
22637
22442
22368
22138
21971
21799
20974
20337
19773
19528
18673
18045
17951
17604
16287
16179
16123
15878
14975
14203
13137
13086
12237
12136
11364
11072
10177
9277
8563
7864
6128
4498
4079
3893
3513
3396
3224
2585
2461
1621
1421
30085
30035
29746
29296
29212
27443
24367
23624
21926
21519
21466
21317
20431
19715
19499
18926
18852
18362
18090
17843
17759
17345
15656
14540
13742
13529
13113
11888
11839
11036
9185
8865
6569
5928
4919
4599
4387
4210
2096
2036
401
29839
29827
29591
29587
29530
28367
28337
27973
27599
27108
26098
26097
25506
25406
25136
24195
24156
23233
22668
22137
21936
21168
20066
20016
20005
18448
18015
17348
17340
17084
17001
16876
16594
16548
16222
16212
16147
16011
15903
15894
15522
15067
14855
14360
14168
13995
12620
11749
11298
11161
10681
9915
9547
9169
9046
8992
8877
7975
7953
7459
7090
6161
5943
5486
5223
5219
5047
4984
4848
4661
4489
4026
3717
3017
2915
2311
2179
1807
1686
29581
29299
28487
28411
27435
26719
26607
26135
25900
25467
25294
24729
24477
23581
23200
22911
21158
21102
21092
20978
20772
20563
19375
18642
18309
17118
16447
15753
15576
15274
15104
15093
15047
13716
13536
13395
13136
12898
12470
12240
11969
11784
11121
10563
10245
10214
9682
9344
8774
6562
6208
6073
5876
5679
4487
4472
3341
2010
1982
1929
597
29912
28758
28326
27728
27695
26082
26031
25232
25009
24733
24561
24368
24064
23612
22531
22376
22044
21865
21502
21225
20515
20170
19753
18941
18809
17596
16469
16422
16030
15750
15544
14762
14735
14137
13609
13499
13458
13323
13159
12938
12868
12588
12098
11795
11491
11433
10893
10730
10221
9988
9962
9552
8574
8269
8231
7816
7497
7214
7122
7092
6448
6084
5590
5063
5052
4917
4349
3590
3537
3510
3385
2970
2759
2488
2341
1940
1315
29602
29342
29311
29161
28999
28940
27774
26403
25350
25169
25106
25054
25053
24897
24737
24270
24150
23530
23400
23157
19699
19643
18028
18001
17064
17028
16845
16742
16734
16301
16161
15448
14910
14268
14004
13453
12856
12719
12510
11382
10678
10385
9808
9246
9113
8553
8304
7840
7750
5908
5740
5352
5235
3709
2342
1377
667
30037
29989
29720
29399
29106
29017
28716
28352
27951
27760
26793
26544
25457
25148
24797
24145
24022
23641
23395
22872
21846
21736
21385
21231
20910
20372
20241
20205
19799
19640
19595
18900
18851
18094
16906
16887
16617
16468
16313
15734
15277
15199
14676
14032
13431
13326
12979
12870
12794
12683
12364
11727
11404
10035
9081
8917
8823
7467
6623
6478
5710
5564
4622
4580
4455
4138
3953
3870
3811
3784
3472
2972
2818
2449
2349
1569
1428
30022
27905
27815
27793
26810
26590
26492
26368
25267
24912
24816
24796
23892
23843
22917
22708
22349
22234
22085
21929
21557
21149
21115
20368
20220
20076
19343
18863
18282
17512
16582
16533
15334
14940
14208
14017
13417
13209
13035
12184
12168
11791
11696
11236
10208
10096
9365
9221
9201
5663
4361
4313
3963
3937
3884
3597
2695
1895
1620
1495
1340
29784
29305
29185
28527
28502
28278
28046
27831
27716
27238
26989
26673
26466
25674
25487
24580
24549
24282
24061
24028
23889
23285
23203
23014
21941
21744
21062
19981
19335
18732
18669
18434
18209
18132
17752
17041
16991
16961
15835
15326
15222
14968
14766
14583
14485
14170
13775
13341
13255
13241
13126
12805
12796
12574
12103
11651
11569
10944
10770
10616
10282
10181
10099
10072
9855
9748
9498
9476
9457
8739
7959
7941
7334
7224
6801
5175
5133
4898
4659
3503
3465
3051
2839
2240
29961
29676
29455
29284
28641
28060
27765
27652
27137
27026
26834
26658
26271
26183
26118
25379
25154
24535
23936
23402
23324
22571
22366
22112
21445
20908
20752
20498
20469
20459
20041
19924
19024
18996
18505
18263
18082
17370
16785
16735
16439
15939
15885
15694
15623
15425
15297
15061
14903
14718
14592
14585
14024
13891
13883
13771
11978
11321
11151
10857
9710
9695
9632
9274
9218
9083
8975
8926
8773
8423
8393
8188
7615
6582
6082
5601
5346
4963
4888
4872
4396
4130
3903
3520
2520
2214
2176
2069
1721
29613
29178
29105
28770
28439
28362
28185
27432
26679
26610
26401
26385
26311
26305
26278
25990
25236
24514
24420
24386
24345
21845
21697
21478
21355
21235
20671
20331
20199
20058
19646
19610
19563
19547
19484
19389
18999
18668
18182
18177
18042
17814
16953
16808
16665
16589
16451
16444
16378
16349
15713
15084
14921
14748
14246
14068
13273
13163
12757
12468
12193
12010
11920
11496
11411
11363
10170
9825
9741
9727
9715
9641
9479
9354
9340
9252
8990
8749
8658
8093
7886
7620
7594
7108
7015
6846
6626
6145
5582
5200
5054
4352
4260
4016
3846
3586
2074
463
30122
30083
28737
28235
28127
28059
27673
26880
26760
26419
25955
25388
24974
24798
24108
24094
23830
23558
23079
23031
22015
21992
21985
21984
21969
21520
21049
20895
20592
19857
19755
19422
19123
18398
17642
17569
17543
17177
16757
16565
16455
16136
14476
14242
13496
13254
13234
12863
10509
10060
9663
7887
7086
7071
6516
6329
6302
6250
5926
5897
5878
5857
5803
5760
5723
4999
4068
3990
3794
3781
3317
3278
3258
2154
2132
1429
30629
30435
29500
29485
28544
28306
28226
28214
28040
27922
27775
27737
27531
27296
27130
26776
26605
26379
26103
25730
25608
24786
24512
24379
23638
22969
22538
21733
21398
21340
21148
20956
20930
20819
20426
20397
20087
19254
19060
18639
18509
17730
17627
17534
17498
17059
17037
17016
16863
16694
16448
16424
15957
15117
14943
14942
14876
14623
14146
14123
13989
13927
13902
13762
13723
13481
13287
13153
12584
12090
11542
11529
11306
11205
11020
10121
10100
9973
9239
9231
8122
7697
6676
6160
6079
5509
5479
5326
4376
3706
2840
2716
2487
2165
1452
1273
29688
29381
29294
28759
28677
28489
27354
27159
27122
27084
26224
26051
25811
25646
25477
25392
25238
24681
24443
23949
23912
23377
23374
23199
23162
23149
23087
22903
22540
22357
22284
21457
21388
21341
21332
21081
20272
19873
18652
18162
17405
16950
16769
16532
16384
16140
16130
15866
14955
14720
14336
14044
12954
12937
12776
12352
11729
11700
11600
11458
11413
11196
10747
10291
10120
10119
9290
8609
8590
8422
8332
8266
7595
7118
6954
6947
6633
6401
6380
6355
5712
5530
5467
5405
5106
4238
3672
2926
2523
30189
29966
29828
29823
29802
29522
29327
29190
28802
28611
28363
28323
28003
27943
27421
27384
27303
27007
26779
26737
26554
26180
25882
25790
23460
22882
22670
22619
22426
22239
21285
21136
20995
20634
20133
19202
18988
18742
18598
18348
17444
16233
16102
15712
15494
15287
14987
14836
14608
14151
14054
13823
13755
13168
12143
12011
11674
10855
10166
9722
9541
9210
8849
8613
8339
8077
8044
7532
7427
7410
7158
6618
6202
5991
5904
4993
4578
4142
4014
3972
3622
3560
3356
3135
2268
1825
1636
1470
29586
29436
28733
28678
28463
28143
27885
27878
27338
26746
26085
25891
25741
25568
25466
25184
24626
24601
24550
24521
24266
24070
23579
22869
22347
22017
21797
21128
20903
20849
19592
19004
18074
17507
17500
17247
16928
16577
16049
15770
15519
15439
15343
14917
14704
14441
14259
13876
13790
13653
13581
13022
11924
11875
11441
11129
10910
10759
10718
9957
9673
9275
8934
8921
8462
7843
7246
6702
6236
6112
6063
6034
5898
5421
5295
4833
4641
4445
4061
4008
3208
3175
3039
2746
2065
30059
29767
29567
29501
29452
29264
28666
28597
28594
27177
26806
25533
25476
24437
22767
22736
22447
22336
22320
21968
21352
21012
20373
19602
19369
19252
19244
19229
19036
18822
18477
18392
18116
17978
17632
17508
17451
17415
17210
17095
16701
16220
16113
15928
15844
15344
15323
15091
15073
14815
14641
14555
13972
13399
13257
13156
12880
12641
12135
11721
11697
11257
10866
10807
9970
9347
9247
8546
8156
7499
7320
7276
7009
6787
6563
6453
6269
6203
5341
4686
4173
3882
3771
3266
2979
2404
2378
1945
1437
1408
1087
30226
30128
29667
29538
29527
28972
28347
27686
26997
26845
26791
26229
26057
25709
25658
25482
25208
24318
24087
23818
23523
23469
23427
22940
22782
22603
22154
21660
21513
21048
20323
20135
20129
19973
19494
18798
18734
18663
18565
18508
17887
17761
17635
17552
17505
17219
17057
16936
16122
15421
14313
14284
14166
14066
13829
13677
13549
13516
13478
13295
13220
12306
12150
12119
11967
11663
11484
11430
10715
9810
8968
8924
8855
8273
7804
7730
6753
6704
6659
6406
5924
5269
4521
4411
4256
3768
3318
3205
3194
2457
2327
2103
1865
1732
1465
30340
29812
29764
29709
29611
29443
29391
28891
28833
28772
28690
28593
28034
27702
27632
27548
27330
27273
27063
27042
25823
25431
25338
25202
25048
24883
24811
24602
24307
23822
23721
22663
22312
21780
21503
21064
20587
20508
20138
19822
19772
18276
18253
17760
17753
17128
17036
16517
16360
16296
15807
15748
15562
14616
14181
14080
14075
13371
13183
13121
12966
12793
12700
12056
12013
11279
11238
10590
10092
10086
10055
9799
9618
9469
9409
9235
8896
8466
8121
7929
7891
7890
7852
7661
7454
7442
7242
7226
7164
7147
7039
6895
6831
6643
6300
6102
5892
5523
5441
5117
5093
4632
4424
3808
3539
3511
3269
3054
2876
2856
2468
1822
1681
1517
1396
30006
29576
29556
29504
29370
29204
28963
28952
28818
28714
28311
28041
28005
27185
27113
26601
26561
25996
25725
25359
25227
25194
24759
24402
24387
24096
23945
23800
23755
23373
22157
21307
21218
21205
20411
20404
20348
20132
19771
19701
19678
18869
18511
18170
17727
17619
17381
17367
17199
17115
16933
16865
16817
16603
16479
16333
16109
16090
15679
14524
14515
14138
13390
13123
13118
12254
11771
11607
11333
11303
10877
10660
10648
10391
10344
10270
10187
10080
9961
9502
9130
9053
8633
8244
7754
7181
7040
7026
6109
4676
4490
4204
3871
3518
2682
2464
2118
1215
30155
30058
30052
29807
29731
29423
28803
28754
28560
27962
27304
27010
26828
26768
26033
25978
25904
25873
25802
25583
25040
24438
24221
24216
24197
24140
23911
23617
23545
23465
22520
22492
22198
21891
21759
21689
21108
21014
20879
20378
20085
19982
19970
19936
19804
19676
19510
19274
19131
19030
18897
18859
18793
18664
18301
17397
17237
16895
16475
16414
16139
16135
15985
15890
15728
15446
15321
13817
13530
13105
12922
12803
12748
12743
12679
12589
12377
12235
12078
11867
11636
11023
11016
10965
10585
10337
9909
9573
8356
8311
8212
8107
7522
7461
7379
7042
6784
6449
6134
5576
5559
5284
5280
4844
4532
4478
4277
3910
3576
3478
3413
2997
2644
2248
1118
30047
30020
29505
29324
29234
29229
29176
28012
27717
27494
26533
26300
26218
26123
26041
25941
25874
25330
24920
24855
23836
23634
23578
23459
22553
22289
22046
21945
21693
21594
21522
21411
21408
21274
20516
19677
19668
19601
19438
18980
18609
18357
17846
17821
17681
17387
17336
17308
17221
17150
17082
16904
16837
16634
16497
16016
15652
15470
15126
14487
14376
14366
13552
13096
12997
12675
12587
12388
12181
11954
11907
11745
11618
11541
10934
10573
10526
10457
10149
10042
10007
9778
9387
9296
8568
8552
8035
8025
7827
7715
7554
7288
7151
6550
6088
5927
5877
5671
5646
5440
5358
5205
5058
4012
3783
3610
3092
2961
2045
1519
320
30836
29169
29037
28954
28855
28745
28486
28378
28348
28313
28279
27628
27511
27491
27447
27117
26841
26613
26611
26609
26456
26418
26294
25557
25474
25461
25441
25430
25334
25275
25064
24887
24683
24667
24603
24208
23765
23700
23609
23521
23509
23248
22803
22678
22605
22529
22232
22215
22114
21904
21640
21619
21566
21481
21447
21264
20845
20621
20620
20551
20424
19543
19364
19337
19312
18937
18920
18453
18019
17114
17024
16623
16604
16495
16461
16241
16180
15921
15725
15688
15588
15532
15127
15108
14452
14399
14391
14057
13784
13573
13420
13167
13106
13045
13033
12685
12644
12613
12541
12183
11393
11377
11177
11061
10850
10077
10028
9668
9289
8757
8723
8705
8285
8101
7882
7447
7332
7257
7193
7174
7161
7023
6884
6693
6486
6430
5966
5823
5729
5427
5355
5204
5092
4545
4299
4155
3945
3696
3616
3479
3363
2932
2881
2003
1836
1826
500
197
30230
29664
29340
29038
28997
28935
28723
28631
28167
28099
28084
27828
27347
27262
27188
27082
27033
26629
26437
26177
26129
26102
26065
25947
25855
25507
25188
25138
25110
24690
24499
24453
24088
24008
23970
23959
23860
23660
23316
23253
23188
22921
22861
22612
21761
21641
21494
21492
21392
21299
21222
20970
20725
20580
20545
20476
20110
19930
19559
19410
19403
19336
19199
19197
19149
18833
18304
17874
17855
17797
16555
16341
16168
15923
15773
15669
15546
15520
15424
15298
15227
14629
14584
14456
14135
14012
13938
13556
13534
13525
12910
12276
12190
11818
11808
11631
11178
11093
10852
10269
10185
9967
9866
9302
9155
9110
8944
8835
8803
8726
8556
8479
7728
7710
7491
7443
7374
7321
7312
7201
6684
6605
6174
6119
5903
5873
5744
5316
5259
5014
4795
4262
4181
4146
4030
3996
3922
3795
3053
2733
2720
2469
1841
646
30095
30064
29590
29367
29361
29158
29136
28765
28746
28479
28147
28069
27778
27568
27270
26227
26045
26018
25692
25579
25574
25245
25193
25116
25105
24666
24656
24573
24416
24349
24120
24068
23712
23499
23190
23075
23062
22845
22795
22230
22094
22086
21962
21822
21735
21583
21548
21462
21461
21333
21181
21167
21084
21027
20996
20788
20669
20641
20301
20169
20160
20012
19554
19508
19505
19380
19080
18688
18678
18597
18594
18393
18228
17559
17496
17419
17317
17191
16861
16368
15769
15693
15526
15357
15341
15300
15206
15123
14554
14096
14029
14011
13946
13864
13850
13640
13571
13428
13271
13191
13155
13098
12866
12857
12834
12519
12478
12353
12018
11956
11734
11534
11224
11113
10479
10440
10359
9854
9774
9411
9366
9084
8845
8488
8346
8057
7969
7810
7502
7328
7289
7286
7253
6256
5910
5888
5487
5263
4836
4594
4492
4379
3724
3662
3608
3425
3344
3007
2912
2357
2160
2131
1124
803
30730
30399
29825
29582
28837
28814
28534
28477
28408
28401
28358
28286
27964
27925
27924
27749
27525
27521
27445
27442
27362
27331
27218
27078
26973
26970
26599
26535
26190
25748
25652
25164
25129
25019
24986
24959
24900
24888
24845
24835
24802
24687
24384
24228
24219
24129
24039
23834
23724
23672
23513
23220
23198
22923
22833
22705
22452
22428
22308
22260
22243
22227
22067
21899
21835
21770
21556
21258
21257
21214
21166
21066
20756
20648
20534
20381
20234
20226
20069
19996
19850
19819
19788
19593
19557
18679
18613
18358
18005
17974
17662
17315
17053
16997
16520
15794
15529
15107
15099
14690
14659
14056
13805
13649
13535
13471
13446
13180
13083
12977
12925
12592
12514
12285
12123
11497
11464
11305
11197
11067
10880
10853
10820
10020
9804
9798
9599
9417
9349
9059
8577
8420
8411
8181
8111
7834
7790
7469
7223
7218
7173
7097
7000
6881
6877
6735
6485
6333
6239
6229
6201
5997
5573
5561
5548
5246
5017
4894
4839
4143
4031
3891
3749
3225
2907
2862
2670
1832
1817
1329
942
30106
30097
30065
30045
29834
29607
29536
29488
29401
29064
28957
28776
28587
28467
28308
28170
28164
27901
27545
27433
27387
27291
27242
27224
27069
26859
26131
25956
25624
25475
25376
25372
25155
24772
24623
24595
24463
24425
24269
24210
24138
23979
23734
23587
23284
23161
23107
22625
22534
22481
22395
22359
21659
21531
21474
21228
20817
20593
20584
20307
20240
20206
20141
19966
19878
19776
19763
19685
19488
19425
19360
19265
19175
19052
18816
18431
18111
18004
17851
17592
17149
16957
16898
16009
15911
15886
15567
15081
15003
14992
14727
14069
13933
13618
13490
13325
13222
13110
13027
12780
12213
11973
11712
11605
11262
11200
11070
10908
10892
10883
10825
10736
10383
10351
10154
9989
9747
9600
9494
9395
9322
9284
9230
9066
8985
8834
8807
8597
8458
8441
7954
7708
7665
7580
7462
7069
6759
6506
6366
6215
5895
5867
5634
5511
5477
5380
5317
4927
4916
4907
4680
4239
3888
3723
3606
3296
3070
2990
2824
2685
2663
2295
1645
1622
1514
1390
1172
444
421
30637
30239
30071
29618
29596
29300
29297
29271
29250
29148
28109
28082
28028
27981
27975
27731
27703
27582
27539
27516
27492
27349
27298
27250
27064
26751
26740
26710
26481
26347
26100
25892
25649
25570
25495
25410
25209
25096
25027
24865
24767
24746
24744
24645
24597
23854
23632
23552
23517
23183
22784
22733
22449
22249
22188
22156
22064
21895
21866
21793
21646
21613
21587
21477
21443
21132
21051
20955
20712
20543
20443
20227
20131
20092
20064
19920
19790
19691
19651
19615
19325
19101
19021
18945
18904
18713
18709
18622
18616
18569
18376
18249
18128
18035
17990
17756
17572
17475
17471
17409
16993
16954
16857
16739
16605
16544
16515
16452
16399
16072
15920
15851
15663
15527
15476
15450
15414
15096
15036
15019
15008
14931
14834
14506
14492
14484
14394
14091
13841
13816
13678
13424
13304
13264
13252
13176
13164
13134
13107
13075
13069
12725
12578
12346
12249
12031
11965
11864
11859
11731
11521
11512
11355
10828
10703
10611
10386
10336
10330
10273
10235
10199
10159
10126
10069
9982
9256
8768
8361
8146
7238
7049
6925
6902
6896
6719
6519
6367
6310
6214
6184
6078
5749
5737
5474
5243
4985
4875
4461
4253
4033
3989
3106
3072
2757
2293
2279
1767
1435
1402
1378
1264
31748
30109
30066
29274
29227
29065
28373
28045
27996
27934
27537
27463
27336
27184
26854
26730
26716
26621
26493
26491
26330
26324
26012
25961
25935
25888
25664
25438
25403
25360
25190
24614
24488
24359
24348
24268
23950
23876
23815
23549
23466
23083
23064
22916
22808
22801
22786
22752
22614
22599
22381
22268
22235
22171
21976
21708
21596
21446
21394
20726
20429
20252
20106
20077
19934
19889
19750
19680
19550
19445
19431
19423
19238
19170
18883
18850
18837
18802
18753
18401
18354
18193
18088
17640
17435
17364
16986
16677
16625
16622
16293
16041
15995
15810
15732
15581
15552
15486
15461
15441
15361
15320
15255
15173
14830
14773
14767
14535
14531
14513
14443
14434
14344
14250
14194
14153
14119
14042
13990
13826
13553
13334
13300
13231
13148
13003
12876
12861
12847
12792
12681
12658
12617
12548
12429
12416
12385
12360
12120
11718
11487
11296
11267
11256
11125
11088
11007
10938
10867
10760
10559
10481
10195
10102
10073
10031
9616
9342
9294
9153
9152
9140
9073
9030
8860
8729
8538
8306
8284
8189
8185
8172
7876
7662
7505
7233
7165
7033
6653
6228
6220
5799
5781
5583
5560
5552
5512
5150
4817
4744
4576
4566
4541
4246
4191
3688
3571
3559
3442
3130
3079
2842
2709
2657
2340
2328
2325
1926
1637
1534
1290
1097
1088
460
31440
30221
30193
30168
30042
29870
29844
29761
29552
29494
29375
29371
29143
29114
29104
29052
28872
28863
28766
28604
28405
28201
28063
27979
27639
27604
27409
27392
27382
27292
27284
27215
27202
27039
27024
26555
26489
26409
26168
26143
26113
26020
25995
25950
25922
25913
25864
25795
25744
25468
25293
24756
24742
24568
24546
24107
24023
23905
23849
23747
23520
23458
23352
23344
23144
23044
22975
22955
22920
22692
22655
22480
22205
22146
21803
21421
21229
21199
21059
20901
20853
20831
20524
20519
20435
20374
20246
20237
20225
20187
20034
19931
19909
19816
19761
19465
19456
19091
18962
18784
18754
18411
18013
17950
17573
17519
17437
17073
16794
16567
16280
16192
16127
15817
15699
15362
15325
15106
15095
14856
14785
14739
14681
14627
14534
14403
14150
14144
13929
13671
13628
13416
13108
13046
13028
13008
12975
12940
12765
12573
12403
12292
12160
12083
12062
12007
11912
11829
11620
11466
11428
11406
11331
11152
10958
10918
10889
10505
10407
10105
10004
9884
9730
9684
9639
9393
9237
9061
9015
8953
8513
8470
8235
7897
7659
7652
7553
7541
7524
7508
7433
7366
7175
7100
7012
6965
6817
6777
6750
6621
6373
6312
6294
6262
6074
5954
5769
5586
5581
5451
5289
5002
4882
4777
4713
4650
4645
4514
4431
4109
4019
3678
3675
3668
3343
3315
3044
2917
2852
2622
2565
2554
2424
2396
2314
1986
1845
1740
1739
1679
1511
1496
1167
580
30646
30638
30515
30359
30320
30180
30146
30093
29781
29712
29592
29515
29439
29302
29292
29277
29256
29194
29027
28918
28687
28522
28316
28230
28078
27958
27909
27873
27499
27444
27283
27235
27148
27136
27118
26825
26743
26482
26184
26081
26015
25989
25876
25856
25747
25714
25599
25436
25288
25241
25042
24882
24868
24850
24808
24627
24448
24434
24410
24403
24310
24304
23948
23901
23798
23629
23565
23343
23322
23250
23213
22956
22905
22729
22617
22500
22414
22252
22224
22149
21791
21414
21329
21280
21185
21147
21030
20792
20711
20675
20569
20310
20196
20159
20137
20119
20101
19892
19826
19784
19765
19624
19473
19421
19285
19227
19150
19145
19097
19018
18933
18911
18741
18703
18468
18466
18234
18100
18056
18050
17927
17865
17854
17833
17810
17790
17788
17590
17529
17516
17438
17342
17048
17022
16858
16828
16822
16683
16434
16315
16290
16163
16115
16095
16057
16047
16026
16008
15948
15863
15815
15805
15788
15700
15237
15217
15079
14989
14805
14666
14560
14544
14204
14100
14079
14018
13871
13830
13812
13754
13632
13441
13357
13322
13292
13219
13210
13067
13017
12732
12654
12632
12629
12491
12389
12366
12332
12073
12044
11958
11815
11742
11410
11342
11272
11214
11142
11109
11037
10946
10935
10876
10870
10746
10651
10647
10500
10396
10283
10236
10183
10019
9888
9781
9732
9509
9268
9174
9067
8956
8832
8769
8714
8684
8637
8297
8268
8106
7922
7732
7635
7369
7125
7019
6939
6921
6802
6672
6665
6277
6196
6178
6064
5843
5726
5698
5657
5635
5483
5327
5325
5182
5111
4914
4773
4730
4189
4131
3911
3851
3830
3636
3579
3435
3284
3263
3232
3134
3103
3016
2974
2863
2505
2162
1882
1756
1733
859
490
153
137
30642
30377
30048
30036
29741
29724
29695
29694
29683
29635
29629
29578
29570
29288
29217
29139
29122
29041
29040
29013
28979
28807
28721
28584
28537
28536
28497
28252
27907
27891
27882
27864
27846
27830
27783
27761
27708
27698
27630
27518
27097
27030
26952
26812
26701
26495
26477
26261
26179
26172
26099
26084
26058
26050
26017
25915
25537
25434
25407
25397
25268
25262
25240
25123
24946
24916
24751
24747
24655
24569
24562
24381
24212
24188
24175
24136
24051
24048
23991
23737
23655
23576
23504
23439
23362
23311
23275
23270
23216
23177
23128
23065
22924
22781
22750
22730
22503
22495
22490
22488
22441
22410
22328
22293
21993
21883
21852
21842
21812
21558
21525
21441
21426
21401
21145
20921
20909
20854
20778
20742
20734
20518
20490
20300
20288
20275
20223
20198
20155
20035
19880
19733
19690
19672
19605
19570
19513
19481
19476
19418
19329
19313
19221
19011
18925
18771
18762
18746
18684
18586
18338
18164
18133
18119
18098
18091
18037
17929
17856
17836
17722
17664
17474
17449
17424
17389
17378
17377
17369
17304
17195
17136
16838
16776
16761
16754
16720
16666
16648
16626
16613
16601
16530
16529
16460
16325
16283
16210
16175
16121
16087
16084
16074
16043
16024
15998
15963
15912
15714
15671
15621
15601
15596
15565
15513
15368
15340
15314
15269
15238
15207
15188
15060
15009
14825
14823
14649
14599
14464
14369
13975
13940
13904
13796
13639
13604
13305
13268
13178
13116
13095
13018
13012
12872
12706
12615
12489
12322
12282
12171
12121
11987
11797
11764
11693
11594
11532
11474
11370
11239
11228
11225
11215
11154
11076
10989
10763
10733
10583
10565
10561
10499
10191
10141
9765
9745
9577
9407
9313
9288
9164
9163
9144
9122
8952
8874
8869
8733
8555
8521
8483
8478
8400
8248
8239
8164
8058
7851
7691
7588
7444
7381
7046
6983
6899
6830
6799
6796
6387
6384
6192
6180
6173
6130
5859
5416
5344
5319
5258
5215
5029
5000
4975
4965
4770
4745
4740
4732
4722
4582
4496
4458
4258
3827
3810
3720
3108
2945
2851
2434
1613
1445
1068
958
876
703
200
30586
30361
30344
30223
30116
30105
30067
30016
30007
29957
29951
29944
29904
29852
29725
29690
29649
29579
29553
29531
29415
29195
29172
28844
28812
28727
28726
28661
28508
28440
28364
28357
28232
28225
28192
28159
28137
28114
27983
27959
27786
27601
27574
27423
27360
27332
27299
27126
26985
26881
26826
26739
26706
26692
26686
26651
26608
26468
26333
26316
26293
26258
26155
26116
26093
26075
26003
25988
25983
25920
25842
25814
25572
25516
25479
25400
25253
25172
25089
25077
25059
25051
25044
24958
24957
24947
24861
24840
24766
24582
24504
24394
24227
24209
24157
24086
24040
23930
23848
23745
23741
23682
23602
23518
23516
23445
23300
23086
22897
22837
22756
22702
22673
22660
22657
22634
22591
22577
22432
22388
22288
22256
22197
22191
22132
22124
22120
22023
21920
21885
21720
21495
21216
21183
21170
21085
21061
21056
21033
21016
20944
20911
20864
20800
20713
20640
20491
20480
20467
20415
20299
20146
20113
20112
20006
19935
19860
19709
19675
19637
19586
19452
19352
19167
19076
19069
19041
18866
18761
18714
18629
18575
18564
18495
18214
18137
18097
18017
17959
17949
17889
17703
17591
17588
17525
17482
17478
17338
17314
17234
17217
17192
17075
17008
16908
16900
16674
16595
16593
16553
16536
16505
16338
16300
16247
16236
16158
16138
16137
16133
16125
16105
16029
15975
15962
15952
15892
15882
15814
15711
15524
15445
15388
15204
15137
15098
15070
15068
15024
14894
14857
14740
14725
14628
14518
14493
14472
14396
14273
14272
14255
14193
14030
13833
13806
13713
13659
13624
13596
13578
13541
13485
13233
13147
13122
13010
12682
12643
12598
12597
12556
12447
12405
12386
12305
12287
12162
12116
12106
11992
11927
11905
11897
11768
11739
11722
11701
11666
11533
11482
11168
11160
11034
10953
10948
10945
10843
10799
10780
10673
10587
10527
10521
10442
10427
10389
10339
10334
10263
10190
10128
10025
9996
9965
9910
9738
9721
9649
9574
9519
9484
9473
9442
9373
9032
8759
8657
8603
8596
8545
8532
8486
8482
8474
8376
8334
8312
8275
8201
8184
8047
8021
7940
7914
7877
7763
7630
7533
7430
7414
7394
7386
7278
7070
7066
6968
6904
6844
6809
6794
6646
6591
6537
6510
6372
6272
6027
5854
5748
5695
5536
5519
5273
5154
5140
5033
5028
4884
4855
4718
4474
4354
4248
4166
3998
3947
3930
3722
3556
3329
3207
3202
2914
2884
2880
2809
2789
2704
2668
2617
2503
2282
2157
2097
1961
1937
1936
1905
1890
1694
1593
1533
1420
1405
1272
1214
1186
849
836
757
691
614
606
531
477
469
31490
30476
30370
30342
30263
30190
30182
30152
30072
30023
30009
29978
29972
29959
29927
29910
29835
29757
29743
29659
29627
29625
29619
29551
29533
29517
29491
29432
29402
29345
29336
29306
29276
29205
29107
29014
28903
28890
28699
28640
28448
28426
28423
28303
28253
28219
28171
28128
28111
28054
28049
28027
27995
27976
27937
27910
27856
27854
27740
27691
27533
27451
27361
27321
27309
27275
27259
27251
27176
27052
27049
26962
26955
26936
26927
26891
26851
26809
26764
26747
26669
26668
26600
26583
26567
26560
26512
26404
26398
26345
26276
26217
26186
26175
26128
26111
26109
26095
25943
25868
25803
25801
25776
25760
25753
25545
25449
25429
25428
25301
25285
25218
25178
25146
25126
25011
24880
24782
24725
24694
24672
24660
24541
24503
24340
24320
24174
24166
24144
24049
24044
24006
23922
23909
23679
23583
23482
23464
23419
23365
23333
23286
23277
23262
23254
23159
23142
22967
22925
22802
22751
22742
22715
22672
22515
22439
22419
22383
22350
22248
22241
22223
22126
22032
22019
22003
21982
21970
21928
21925
21912
21908
21907
21831
21813
21731
21706
21668
21652
21642
21617
21450
21442
21436
21428
21402
21382
21369
21368
21365
21269
21234
21221
21213
21150
21134
21038
21024
21015
20960
20936
20777
20775
20737
20659
20605
20536
20532
20489
20485
20446
20353
20326
20324
20318
20273
20230
20192
20177
20126
20048
20032
20013
19990
19844
19803
19800
19745
19744
19669
19644
19616
19541
19516
19490
19489
19457
19304
19261
19243
19213
19081
19072
19057
18954
18949
18921
18889
18876
18831
18829
18725
18723
18570
18546
18528
18382
18377
18366
18332
18307
18297
18261
18224
18181
18061
18052
17931
17930
17891
17804
17717
17697
17658
17469
17448
17416
17388
17376
17329
17286
17281
17019
17010
17002
16994
16921
16813
16718
16691
16632
16545
16465
16463
16425
16361
16347
16299
16285
16207
16134
15986
15978
15843
15792
15776
15691
15471
15466
15434
15430
15291
15250
15190
14952
14930
14915
14900
14865
14807
14761
14738
14667
14642
14604
14553
14537
14468
14389
14334
14222
14071
14046
14006
13890
13712
13710
13699
13495
13400
13324
13294
13288
13265
13238
13203
13202
13193
13085
12983
12964
12927
12888
12791
12701
12655
12631
12609
12576
12496
12471
12421
12410
12401
12361
12349
12320
12288
12207
12192
12132
11918
11870
11776
11670
11669
11616
11547
11510
11469
11450
11391
11349
11250
11246
11227
11111
11107
11002
10954
10845
10687
10684
10502
10487
10460
10424
10382
10375
10346
10313
10284
10153
10044
10041
10037
9933
9920
9912
9764
9754
9740
9739
9700
9697
9617
9582
9524
9517
9420
9396
9369
9331
9244
9222
9175
9162
9043
9040
8894
8758
8712
8567
8510
8391
8216
8173
8097
8053
8012
8005
7973
7958
7758
7693
7686
7666
7564
7550
7528
7518
7479
7411
7397
7388
7382
7342
7305
7269
7247
7195
7130
7104
7076
6955
6922
6671
6629
6543
6542
6539
6464
6420
6399
6341
6045
5975
5831
5772
5696
5672
5600
5571
5510
5452
5437
5385
5336
5178
5159
5135
5113
5109
5085
4994
4952
4906
4905
4830
4793
4787
4762
4753
4711
4638
4463
4437
4390
4381
4334
4268
4224
4171
3797
3716
3679
3659
3649
3641
3548
3545
3541
3526
3393
3354
3314
3128
2623
2619
2535
2494
2493
2394
2345
2275
2213
2128
2077
2033
1802
1649
1643
1606
1448
1325
991
909
877
863
835
829
821
754
745
741
662
644
581
494
458
199
184
166
155
152
31920
31518
30971
30924
30211
30191
30158
30084
30051
30025
30002
29996
29981
29970
29969
29964
29935
29921
29917
29850
29831
29758
29705
29606
29568
29562
29512
29493
29492
29472
29448
29447
29444
29390
29374
29365
29335
29325
29322
29266
29259
29249
29242
29238
29222
29211
29188
29182
29179
29150
29145
29135
29125
29118
29097
29061
29060
29025
29012
29002
29000
28991
28974
28964
28955
28941
28904
28827
28810
28796
28790
28762
28755
28748
28743
28730
28685
28683
28669
28636
28628
28580
28567
28530
28510
28456
28412
28317
28309
28298
28280
28228
28208
28148
28139
28135
28106
28102
27985
27970
27957
27921
27919
27868
27825
27800
27787
27727
27657
27634
27633
27575
27557
27538
27530
27524
27507
27496
27478
27473
27388
27367
27272
27200
27173
27123
27106
27073
27072
27059
27035
26983
26956
26943
26941
26934
26899
26897
26893
26886
26870
26868
26846
26822
26814
26801
26792
26762
26705
26691
26685
26674
26620
26589
26586
26580
26568
26564
26443
26381
26364
26337
26291
26255
26251
26241
26193
26167
26138
26136
26096
26073
26061
26013
26007
25979
25974
25968
25942
25924
25877
25875
25859
25839
25794
25784
25772
25763
25762
25712
25710
25698
25654
25643
25611
25597
25555
25547
25490
25442
25432
25426
25367
25347
25344
25304
25296
25295
25246
25192
25181
25150
25139
25112
25073
25049
25038
25029
25028
24983
24981
24934
24926
24893
24892
24853
24851
24719
24677
24675
24642
24616
24572
24501
24485
24450
24407
24397
24375
24372
24312
24286
24253
24250
24244
24213
24167
24158
24137
24117
24009
23981
23973
23953
23951
23886
23855
23837
23756
23705
23687
23681
23668
23631
23621
23614
23589
23569
23554
23536
23515
23500
23436
23428
23424
23385
23358
23337
23290
23176
23165
23138
23135
23126
23121
23111
23109
23102
23085
23007
22998
22992
22989
22984
22976
22959
22947
22936
22867
22854
22849
22720
22714
22643
22627
22596
22541
22512
22508
22448
22429
22413
22361
22355
22278
22272
22251
22242
22213
22201
22178
22052
22013
22008
21980
21942
21933
21843
21789
21787
21774
21717
21714
21686
21675
21667
21657
21655
21607
21598
21552
21509
21454
21432
21418
21416
21405
21384
21371
21358
21357
21336
21310
21304
21268
21252
21161
21157
21106
21074
21058
21010
21007
20973
20965
20917
20869
20833
20812
20790
20787
20758
20689
20683
20670
20608
20588
20581
20571
20554
20538
20526
20483
20470
20441
20421
20400
20379
20357
20351
20317
20243
20217
20086
20062
20054
20033
20015
19943
19882
19862
19809
19791
19778
19770
19768
19760
19714
19708
19657
19641
19567
19553
19535
19534
19529
19527
19522
19450
19446
19443
19442
19381
19371
19359
19354
19351
19331
19301
19279
19270
19258
19207
19177
19173
19158
19156
19147
19134
19125
19117
19106
19102
19078
18997
18958
18916
18856
18848
18844
18836
18828
18710
18695
18661
18660
18653
18607
18589
18560
18489
18487
18475
18441
18413
18402
18389
18383
18308
18270
18157
18155
18138
18114
18065
18059
18039
18006
17969
17962
17915
17910
17904
17894
17834
17771
17633
17631
17566
17554
17544
17521
17494
17481
17472
17461
17410
17372
17363
17355
17334
17316
17313
17310
17258
17239
17222
17165
17160
17158
17125
17113
17106
17094
17079
17054
17043
17035
17012
17007
17000
16985
16870
16868
16805
16798
16784
16731
16713
16707
16689
16680
16645
16620
16581
16522
16519
16506
16484
16464
16431
16409
16400
16391
16354
16337
16304
16265
16249
16202
16154
16069
16050
15980
15965
15956
15943
15896
15828
15819
15761
15752
15744
15742
15701
15677
15635
15584
15550
15548
15528
15501
15491
15410
15389
15378
15374
15290
15288
15246
15119
15112
15111
15085
15039
15015
15005
15002
14998
14986
14977
14905
14902
14867
14864
14844
14768
14759
14708
14701
14664
14633
14571
14567
14532
14490
14458
14435
14377
14358
14341
14310
14285
14258
14254
14248
14233
14229
14186
14185
14145
14095
14036
14026
13963
13943
13930
13894
13884
13847
13846
13831
13810
13759
13745
13732
13704
13692
13655
13626
13583
13572
13567
13522
13506
13502
13498
13464
13447
13401
13349
13338
13306
13248
13177
13174
13169
13165
13141
13119
13102
13092
13091
13037
13025
13009
12973
12947
12943
12852
12826
12764
12749
12667
12664
12657
12653
12619
12606
12543
12539
12526
12523
12511
12495
12465
12436
12414
12404
12382
12333
12277
12228
12227
12209
12204
12159
12100
12095
12082
12076
12071
12008
11986
11929
11899
11832
11820
11805
11800
11799
11772
11762
11673
11641
11596
11590
11557
11555
11537
11528
11514
11508
11503
11435
11398
11392
11387
11353
11338
11204
11074
11027
11014
11010
10988
10978
10962
10927
10915
10890
10862
10822
10806
10789
10755
10713
10639
10531
10510
10455
10439
10373
10333
10271
10252
10243
10237
10204
10132
10131
10125
10054
10024
10005
9995
9993
9990
9974
9902
9898
9876
9872
9871
9835
9834
9803
9794
9784
9783
9761
9707
9671
9627
9587
9575
9557
9525
9482
9422
9419
9383
9357
9318
9291
9271
9264
9233
9211
9195
9189
9142
9023
8925
8902
8883
8876
8861
8850
8844
8840
8791
8767
8756
8689
8655
8644
8586
8523
8504
8495
8487
8447
8403
8382
8350
8288
8255
8243
8240
8223
8197
8180
8165
8145
8051
8036
8019
8001
7981
7939
7930
7909
7884
7848
7779
7775
7752
7739
7729
7702
7643
7576
7565
7558
7425
7403
7380
7330
7325
7302
7299
7267
7080
7079
7060
7050
7036
7025
7016
6891
6887
6861
6805
6741
6701
6697
6616
6598
6551
6497
6487
6458
6311
6307
6267
6252
6197
6179
6138
6135
6127
6104
6024
6016
6011
5979
5851
5836
5804
5778
5699
5629
5616
5615
5602
5591
5567
5558
5504
5471
5458
5419
5406
5396
5387
5299
5278
5262
5247
5237
5230
5209
5078
4991
4990
4765
4751
4691
4596
4572
4551
4471
4468
4420
4410
4397
4370
4304
4296
4288
4269
4179
4137
4132
4064
4044
4020
3943
3877
3816
3809
3788
3658
3655
3653
3613
3558
3482
3432
3422
3416
3383
3366
3213
3176
3084
3003
2981
2939
2830
2689
2492
2476
2465
2456
2339
2312
2206
2171
2064
2053
2047
2037
2019
1972
1928
1911
1909
1843
1779
1695
1687
1684
1676
1675
1656
1587
1520
1504
1499
1385
1382
1313
1305
1268
1221
1157
1154
1086
1077
1046
984
930
733
693
665
656
642
588
507
214
180
140
130
